Datenum,Date,Poudre Inf Flow (%),Horsetooth Inf Flow (%),Washwater Return Inf Flow (%),Poudre Temp (C),Poudre pH,Poudre Turb (NTU),Poudre DO (mg/l),Horsetooth Temp (C),Horsetooth pH,Horsetooth Turb (NTU),Horsetooth DO (mg/L),Finished Water Temp (C),Finished Water pH,Finished Water Turb (NTU),Finished Water Alk (mg/L),Finished Water Cl2 Res (mg/L),Notes
20100101,01-Jan-2010,0.643,0.328,0.029,0.87,7.88,0.67,12.36,5.98,7.59,4.53,9.88,2.01,8.05,0.03,41.35,0.8,
20100102,02-Jan-2010,0.709,0.242,0.05,0.74,8.07,0.73,12.38,6,7.6,4.41,9.86,1.82,8,0.03,40.99,0.76,
20100103,03-Jan-2010,0.654,0.296,0.05,0.72,8.06,0.74,12.38,6.06,7.59,4.45,9.84,1.85,7.97,0.03,40.31,0.74,
20100104,04-Jan-2010,0.577,0.359,0.064,0.7,7.75,0.75,12.35,6.17,7.61,4.42,9.87,1.97,8.02,0.03,38.55,0.75,
20100105,05-Jan-2010,0.598,0.337,0.065,0.7,7.51,0.58,10.36,7.11,7.59,4.41,9.79,1.92,7.94,0.03,37.96,0.76,
20100106,06-Jan-2010,0.438,0.539,0.023,0.74,7.52,,9.21,6.47,7.57,4.42,9.71,2.31,8.02,0.03,38.37,0.79,
20100107,07-Jan-2010,0.282,0.718,0,0.92,7.53,0.68,11.75,8.56,7.56,4.4,9.7,2.85,7.94,0.03,38.61,0.8,
20100108,08-Jan-2010,0.378,0.622,0,1.12,7.46,0.69,12.35,8.8,7.54,4.41,9.65,2.74,7.99,0.03,38.78,0.77,
20100109,09-Jan-2010,0.422,0.578,0,1.14,7.45,0.7,12.24,8.97,7.53,4.41,9.61,2.49,8.03,0.03,38.96,0.77,
20100110,10-Jan-2010,0.324,0.676,0,1.37,7.48,,12.28,9,7.52,4.38,9.57,2.8,8.15,0.03,40.19,0.8,
20100111,11-Jan-2010,0.335,0.665,0,1.42,7.48,,12.34,9.18,7.5,4.36,9.59,2.83,8.06,0.04,40.92,0.79,
20100112,12-Jan-2010,0.326,0.674,0,1.16,7.48,0.71,12.56,8.96,7.47,4.39,9.51,2.85,8.01,0.03,40.51,0.77,
20100113,13-Jan-2010,0.338,0.66,0.002,0.99,7.5,0.64,,9.42,7.48,4.34,9.46,2.86,7.98,0.03,39.9,0.76,
20100114,14-Jan-2010,0.326,0.674,0,1.01,7.54,0.6,,9.01,7.46,4.33,9.39,2.9,8.11,0.03,39.57,0.79,
20100115,15-Jan-2010,0.334,0.664,0.002,1,7.56,0.6,,8.76,7.45,4.34,9.38,2.89,8.04,0.03,39.85,0.8,
20100116,16-Jan-2010,0.33,0.636,0.034,0.99,7.54,0.62,,8.78,7.45,4.36,9.37,2.89,7.84,0.03,40.07,0.78,
20100117,17-Jan-2010,0.328,0.627,0.045,0.96,7.56,0.62,,7.89,7.44,4.39,9.31,2.87,7.86,0.03,40.21,0.77,
20100118,18-Jan-2010,0.332,0.624,0.044,1,7.59,0.61,,6.62,7.43,4.39,9.11,2.89,7.87,0.03,40.54,0.76,
20100119,19-Jan-2010,0.328,0.631,0.04,0.99,7.52,0.6,,7.36,7.42,4.41,9.06,2.95,7.98,0.03,40.36,0.79,
20100120,20-Jan-2010,0.317,0.641,0.042,1.11,7.49,0.61,12.03,6.87,7.42,4.37,9.15,3.31,7.96,0.04,39.56,0.8,
20100121,21-Jan-2010,0.318,0.638,0.044,0.99,7.5,0.77,12.87,6.98,7.41,4.36,9.21,2.95,7.93,0.04,38.82,0.81,
20100122,22-Jan-2010,0.307,0.657,0.037,0.97,7.51,0.59,,7.24,7.41,4.36,9.16,2.97,8.04,0.03,39.22,0.79,
20100123,23-Jan-2010,0.287,0.674,0.039,0.97,7.5,0.59,,7.56,7.41,4.34,9.14,3.04,8.35,0.03,40.23,0.76,
20100124,24-Jan-2010,0.343,0.61,0.047,0.96,7.52,0.58,,7.39,7.41,4.3,9.14,2.89,8.04,0.04,40.08,0.78,
20100125,25-Jan-2010,0.342,0.613,0.045,1.17,7.58,0.57,,7.41,7.39,4.32,9.05,2.85,8.19,0.03,40.29,0.8,
20100126,26-Jan-2010,0.321,0.639,0.04,0.95,7.66,0.57,,7.66,7.38,4.45,9.24,2.93,8.06,0.04,39.37,0.78,
20100127,27-Jan-2010,0.32,0.61,0.07,0.94,7.68,0.59,,7.52,7.38,4.41,9.3,2.93,8.14,0.04,39.57,0.76,
20100128,28-Jan-2010,0.318,0.638,0.043,0.94,7.69,0.59,,7.45,7.39,4.32,9.37,2.95,8.29,0.04,39.66,0.79,
20100129,29-Jan-2010,0.315,0.642,0.042,0.91,7.58,0.58,,7.12,7.53,4.2,10,2.9,8.13,0.03,39.73,0.79,
20100130,30-Jan-2010,0.319,0.635,0.047,0.92,7.64,0.57,,7.17,7.61,4.2,10.31,2.87,7.95,0.04,39.27,0.76,
20100131,31-Jan-2010,0.322,0.641,0.037,0.92,7.66,0.57,,7.29,7.58,4.17,10.19,2.89,7.93,0.04,38.75,0.75,
20100201,01-Feb-2010,0.321,0.615,0.064,0.92,7.69,0.58,,7.27,7.53,4.24,9.99,3.06,8.23,0.03,39.14,0.73,
20100202,02-Feb-2010,0.344,0.6,0.056,0.92,7.53,0.58,,7.1,7.49,4.2,9.8,2.87,8.33,0.03,39.62,0.75,
20100203,03-Feb-2010,0.32,0.639,0.041,0.91,7.47,0.56,,7.18,7.45,4.16,9.62,2.98,,0.04,39.04,0.78,
20100204,04-Feb-2010,0.368,0.566,0.067,0.84,7.5,0.59,,7.36,7.46,4.13,9.68,2.83,7.87,0.03,38.74,0.76,
20100205,05-Feb-2010,0.375,0.577,0.047,0.83,7.5,0.59,,6.32,7.47,4.19,9.79,2.75,7.99,0.04,38.9,0.74,
20100206,06-Feb-2010,0.329,0.626,0.045,0.9,7.53,0.56,,6.25,7.47,4.19,9.82,2.87,7.81,0.04,40.72,0.78,
20100207,07-Feb-2010,0.388,0.558,0.053,0.93,7.51,0.56,,6.31,7.46,4.21,9.75,2.82,7.6,0.03,40.62,0.82,
20100208,08-Feb-2010,0.406,0.527,0.067,0.91,7.4,0.56,11.46,6.37,7.48,4.07,9.77,2.95,7.74,0.03,39.49,0.8,
20100209,09-Feb-2010,0.385,0.571,0.044,0.86,7.42,0.56,11.24,6.37,7.48,3.88,9.69,3.08,7.84,0.04,39.53,0.76,
20100210,10-Feb-2010,0.428,0.529,0.043,0.74,7.45,0.65,11.3,6.34,7.5,3.77,9.78,2.98,7.96,0.04,40.72,0.75,
20100211,11-Feb-2010,0.426,0.526,0.048,0.74,7.51,0.66,11.38,6.29,7.48,3.82,9.68,2.96,7.94,0.03,40.14,0.77,
20100212,12-Feb-2010,0.421,0.526,0.053,0.76,7.56,0.65,11.43,6.31,7.45,3.9,9.5,2.96,7.83,0.03,39.7,0.78,
20100213,13-Feb-2010,0.416,0.538,0.046,0.76,7.55,0.63,11.42,6.31,7.43,3.95,9.4,2.98,7.85,0.03,39.26,0.75,
20100214,14-Feb-2010,0.431,0.517,0.052,0.74,7.53,0.62,11.46,6.29,7.39,3.93,9.24,2.91,7.89,0.03,38.88,0.73,
20100215,15-Feb-2010,0.428,0.526,0.046,0.73,7.52,0.61,11.57,6.24,7.4,3.87,9.26,2.95,7.88,0.03,,0.73,
20100216,16-Feb-2010,0.453,0.498,0.049,0.73,7.54,0.61,11.6,6.32,7.33,3.94,9.25,2.95,7.45,0.03,,0.79,
20100217,17-Feb-2010,0.46,0.49,0.049,0.73,7.56,0.63,11.62,6.27,7.25,4.03,9.14,2.88,7.99,0.03,,0.8,
20100218,18-Feb-2010,0.452,0.489,0.059,0.74,7.62,0.61,11.59,6.27,7.27,3.98,9.26,2.93,7.8,0.03,40.81,0.72,
20100219,19-Feb-2010,0.461,0.496,0.043,0.72,7.47,0.6,11.38,6.25,7.25,4.03,9.18,2.9,7.7,0.03,41.68,0.7,
20100220,20-Feb-2010,0.454,0.5,0.046,0.71,7.42,0.6,11.34,6.21,7.27,3.9,9.25,2.88,7.66,0.03,43.3,0.7,
20100221,21-Feb-2010,0.456,0.473,0.071,0.7,7.4,0.61,11.35,6.23,7.24,3.96,9.06,2.82,7.57,0.03,43.82,0.71,
20100222,22-Feb-2010,0.466,0.488,0.047,0.69,7.39,0.64,11.36,6.17,7.21,4.13,9.01,2.86,7.92,0.03,37.77,0.75,
20100223,23-Feb-2010,0.452,0.508,0.04,0.68,7.4,0.67,11.41,6.18,7.19,4.17,8.98,2.91,8.09,0.03,38.16,0.75,
20100224,24-Feb-2010,0.464,0.504,0.032,0.69,7.44,0.68,11.06,6.18,7.22,4.02,9.13,2.88,8.03,0.03,37.92,0.77,
20100225,25-Feb-2010,0.461,0.496,0.043,0.71,7.46,0.68,10.79,6.21,7.2,4,9.06,2.9,8.07,0.03,37.66,0.78,
20100226,26-Feb-2010,0.459,0.484,0.057,0.71,7.48,0.69,10.93,6.22,7.22,3.94,9.11,2.89,8.04,0.03,37.15,0.79,
20100227,27-Feb-2010,0.458,0.488,0.054,0.7,7.5,0.73,10.99,6.24,7.23,3.92,9,2.9,7.97,0.03,37.61,0.79,
20100228,28-Feb-2010,0.46,0.486,0.054,0.71,7.51,0.71,10.9,6.28,7.21,3.99,8.94,2.9,7.85,0.04,37.86,0.77,
20100301,01-Mar-2010,0.457,0.48,0.063,0.71,7.45,0.7,10.92,6.26,7.22,3.99,8.78,2.92,8.02,0.03,38.27,0.78,
20100302,02-Mar-2010,0.463,0.469,0.068,0.83,7.67,0.72,11.03,6.28,7.28,3.99,8.73,2.94,7.92,0.03,39.49,0.75,
20100303,03-Mar-2010,0.458,0.504,0.038,0.71,7.79,0.73,11.02,6.3,7.28,4.02,8.59,3,8.08,0.03,37.76,0.78,
20100304,04-Mar-2010,0.459,0.491,0.05,0.71,7.79,0.73,11,6.33,7.31,3.89,8.58,3,8.08,0.03,38.56,0.78,
20100305,05-Mar-2010,0.465,0.478,0.057,0.73,7.79,0.74,10.9,6.34,7.31,3.89,8.65,2.98,8.03,0.03,40.61,0.78,
20100306,06-Mar-2010,0.46,0.493,0.047,0.72,7.76,0.71,10.97,6.33,7.3,3.91,8.74,3,8,0.03,39.27,0.77,
20100307,07-Mar-2010,0.457,0.497,0.046,0.75,7.78,0.72,11,6.4,7.26,3.99,8.56,3.09,8.09,0.03,38.79,0.77,
20100308,08-Mar-2010,0.46,0.496,0.044,0.73,7.7,0.71,10.9,6.45,7.35,4.09,8.53,3.1,7.93,0.03,39.14,0.77,
20100309,09-Mar-2010,0.454,0.491,0.054,0.75,7.68,0.74,10.81,6.46,7.43,3.96,8.78,3.15,8.07,0.03,37.89,0.78,
20100310,10-Mar-2010,0.468,0.473,0.059,0.85,7.67,0.8,10.68,6.49,7.44,3.88,8.71,3.41,8.1,0.05,37.55,0.77,
20100311,11-Mar-2010,0.472,0.472,0.056,0.82,7.68,0.72,10.91,6.53,7.45,3.86,8.71,3.13,7.94,0.03,38.19,0.8,
20100312,12-Mar-2010,0.46,0.475,0.065,0.89,7.66,0.69,10.9,6.48,7.48,3.77,8.93,3.12,8,0.04,39.86,0.79,
20100313,13-Mar-2010,0.441,0.51,0.049,1.02,7.64,0.72,10.86,6.6,7.4,4.1,8.29,3.32,7.93,0.04,40.48,0.73,
20100314,14-Mar-2010,0.439,0.511,0.049,1.39,7.6,0.7,10.69,6.59,7.44,3.86,8.74,3.47,7.92,0.04,39.27,0.72,
20100315,15-Mar-2010,0.439,0.508,0.052,1.12,7.6,0.67,11.05,6.59,7.42,3.66,8.85,3.3,7.9,0.04,38.84,0.75,
20100316,16-Mar-2010,0.464,0.483,0.053,2.35,7.58,0.67,10.55,6.59,7.47,3.39,9.16,4.07,7.85,0.03,38.68,0.78,
20100317,17-Mar-2010,0.497,0.437,0.067,3.23,7.55,0.69,10.22,6.69,7.47,3.26,9.13,4.32,7.91,0.03,39.11,0.79,
20100318,18-Mar-2010,0.493,0.47,0.037,3.78,7.57,0.67,10,6.73,7.55,2.9,9.55,4.5,7.99,0.03,39.5,0.79,
20100319,19-Mar-2010,0.498,0.464,0.038,3.69,7.54,0.71,10.16,6.73,7.63,2.55,10.02,4.55,8.02,0.03,38.83,0.78,
20100320,20-Mar-2010,0.495,0.456,0.05,1.74,7.52,0.69,11.12,6.73,7.52,2.96,9.42,3.61,7.99,0.03,38.57,0.82,
20100321,21-Mar-2010,0.471,0.48,0.05,1.64,7.55,0.71,10.99,6.72,7.6,2.64,9.88,3.55,8.1,0.03,39.5,0.78,
20100322,22-Mar-2010,0.47,0.48,0.05,3.5,7.47,0.71,10.18,6.83,7.67,2.41,10.22,4.37,7.86,0.03,39.23,0.78,
20100323,23-Mar-2010,0.479,0.471,0.05,4.7,7.42,0.74,9.7,6.76,7.65,2.65,10.21,4.52,7.84,0.03,38.1,0.76,
20100324,24-Mar-2010,0.364,0.591,0.045,2.33,7.42,1.79,10.78,6.79,7.67,2.54,10.18,3.39,8.13,0.04,36.99,0.75,
20100325,25-Mar-2010,0,0.958,0.042,,,,,6.69,7.69,2.5,10.14,3.79,8.14,0.04,37.51,0.77,
20100326,26-Mar-2010,0,0.958,0.042,,,,,6.74,7.73,2.4,10.26,3.84,8.1,0.04,37.69,0.76,
20100327,27-Mar-2010,0,0.964,0.036,,,,,6.73,7.7,2.55,10.21,3.82,8.03,0.04,38.44,0.76,
20100328,28-Mar-2010,0,0.969,0.031,,,,,6.68,7.71,2.48,10.2,3.74,7.98,0.04,38.52,0.77,
20100329,29-Mar-2010,0,0.967,0.033,,,,,6.82,7.57,2.5,10.18,3.92,7.98,0.04,39.3,0.77,
20100330,30-Mar-2010,0,0.961,0.039,,,,,6.96,7.52,2.47,10.21,4.02,8.09,0.04,37.9,0.77,
20100331,31-Mar-2010,0,0.957,0.043,,,,,7.18,7.52,2.47,10.19,4.19,7.99,0.04,38.14,0.74,
20100401,01-Apr-2010,0,0.966,0.034,,,,,7.31,7.52,2.48,10.21,4.3,7.89,0.04,38.6,0.74,
20100402,02-Apr-2010,0,0.964,0.036,,,,,7.29,7.52,2.5,10.19,4.23,7.97,0.04,37.98,0.74,
20100403,03-Apr-2010,0,0.958,0.042,,,,,7.28,7.52,2.49,10.18,4.24,8.03,0.04,37.65,0.76,
20100404,04-Apr-2010,0,0.961,0.039,,,,,7.35,7.52,2.49,10.17,4.31,7.99,0.04,37.94,0.76,
20100405,05-Apr-2010,0,0.955,0.045,,,,,7.45,7.52,2.49,10.17,4.46,8.01,0.04,38.34,0.77,
20100406,06-Apr-2010,0,0.952,0.048,,,,,7.82,7.55,2.48,10.14,4.67,7.58,0.04,38.26,0.76,
20100407,07-Apr-2010,0,0.958,0.042,,,,,7.77,7.54,2.48,10.13,4.53,8.07,0.04,39.43,0.78,
20100408,08-Apr-2010,0,0.958,0.042,,,,,7.84,7.55,2.49,10.11,5.04,8.09,0.04,40.55,0.79,
20100409,09-Apr-2010,0,0.954,0.046,,,,,7.94,7.55,2.51,10.11,5.32,7.91,0.04,40.65,0.77,
20100410,10-Apr-2010,0,0.962,0.038,,,,,8.05,7.55,2.51,10.11,5.38,7.96,0.03,38.55,0.76,
20100411,11-Apr-2010,0,0.968,0.032,,,,,8.11,7.55,2.53,10.07,5.38,7.98,0.03,40.52,0.74,
20100412,12-Apr-2010,0,0.967,0.033,,,,,8.19,7.55,2.53,10.08,5.48,7.96,0.03,40.88,0.73,
20100413,13-Apr-2010,0,0.957,0.043,,,,,8.22,7.55,2.55,10.06,5.57,8.11,0.04,40.68,0.76,
20100414,14-Apr-2010,0,0.953,0.047,,,,,8.3,7.54,2.55,10.05,5.59,8.04,0.04,41.1,0.79,
20100415,15-Apr-2010,0,0.954,0.046,,,,,8.37,7.52,2.6,10.04,5.68,8,0.04,40.12,0.81,
20100416,16-Apr-2010,0,0.971,0.029,,,,,8.18,7.5,2.78,10.05,5.59,8.06,0.03,38.39,0.78,
20100417,17-Apr-2010,0,0.968,0.032,,,,,8.24,7.51,2.71,10.07,5.65,8.04,0.03,38.99,0.74,
20100418,18-Apr-2010,0,0.968,0.032,,,,,8.24,7.5,2.71,10.03,5.67,7.95,0.03,39.2,0.75,
20100419,19-Apr-2010,0.197,0.786,0.017,6.56,7.47,4.77,8.25,8.28,7.51,2.69,9.64,5.64,7.99,0.03,39.24,0.77,
20100420,20-Apr-2010,0.213,0.77,0.017,8.95,7.57,2,8.93,8.33,7.49,2.68,9.05,6.21,8.01,0.03,40.41,0.75,
20100421,21-Apr-2010,0.323,0.677,0,9.21,7.56,1.6,8.71,8.32,7.46,2.76,9.01,6.65,7.99,0.03,39.84,0.73,
20100422,22-Apr-2010,0.371,0.618,0.01,9.27,7.56,3.6,8.56,8.31,7.46,2.76,8.97,6.99,7.91,0.03,38.49,0.77,
20100423,23-Apr-2010,0.369,0.58,0.051,8.67,7.5,4.39,8.69,8.46,7.48,2.75,9.02,7.13,7.77,0.03,37.93,0.77,
20100424,24-Apr-2010,0.335,0.619,0.046,6,7.48,6.68,9.81,8.72,7.53,2.83,9.06,6.33,8.11,0.04,37.23,0.76,
20100425,25-Apr-2010,0.299,0.653,0.048,6.51,7.4,3.61,9.5,8.69,7.5,2.76,9.03,6.21,7.91,0.04,38.2,0.72,
20100426,26-Apr-2010,0.306,0.646,0.048,7.46,7.46,4.03,9.21,8.7,7.49,2.77,8.99,6.56,7.93,0.04,38.16,0.75,
20100427,27-Apr-2010,0.296,0.665,0.039,7.06,7.61,4.05,9.48,8.73,7.53,2.75,8.98,6.58,7.9,0.04,38.55,0.76,
20100428,28-Apr-2010,0.312,0.641,0.047,8.01,7.65,3.82,8.86,8.85,7.56,2.73,8.98,6.85,7.98,0.04,39.93,0.72,
20100429,29-Apr-2010,0.288,0.655,0.057,9.13,7.58,4.79,8.47,8.9,7.54,2.78,8.96,7.36,7.96,0.04,39.6,0.73,
20100430,30-Apr-2010,0.306,0.659,0.035,8.05,7.55,7.06,8.99,8.94,7.51,2.67,8.92,7.04,8.09,0.04,40.57,0.74,
20100501,01-May-2010,0.305,0.663,0.033,7.27,7.57,6.32,9.27,9.04,7.52,2.66,8.92,6.69,8.04,0.05,43.4,0.75,
20100502,02-May-2010,0.308,0.655,0.037,7.75,7.57,5.66,9.04,9,7.52,2.61,8.89,6.82,8,0.05,42.86,0.78,
20100503,03-May-2010,0.263,0.698,0.039,7.05,7.59,5.16,9.5,9.03,7.5,2.65,8.84,6.75,7.82,0.05,39.76,0.84,
20100504,04-May-2010,0.21,0.752,0.038,7.88,7.59,4.9,9.02,9.14,7.5,2.63,8.82,6.8,7.96,0.04,38.33,0.77,
20100505,05-May-2010,0.205,0.74,0.055,8.79,7.58,4.66,8.75,9.38,7.52,2.57,8.8,7.18,7.9,0.04,37.63,0.75,
20100506,06-May-2010,0.234,0.712,0.055,7.93,7.59,4.23,9.15,9.57,7.54,2.61,8.72,7.24,7.83,0.04,37.6,0.75,
20100507,07-May-2010,0.268,0.672,0.06,7.38,7.57,4.18,9.36,9.64,7.53,2.64,8.54,7.23,7.96,0.04,37.84,0.76,
20100508,08-May-2010,0.228,0.732,0.04,7.75,7.58,4.04,9.27,9.76,7.54,2.67,8.68,7.26,7.96,0.04,38.16,0.79,
20100509,09-May-2010,0.228,0.732,0.04,7.65,7.59,3.76,9.3,9.8,7.54,2.66,8.64,7.36,7.85,0.04,38.76,0.79,
20100510,10-May-2010,0.221,0.734,0.044,8.64,7.59,3.77,8.62,9.89,7.54,2.67,8.67,7.55,7.94,0.03,39.15,0.79,
20100511,11-May-2010,0.233,0.725,0.042,9.59,7.52,3.88,8.34,9.99,7.54,2.7,8.64,7.84,7.92,0.03,38.14,0.76,
20100512,12-May-2010,0.31,0.647,0.043,6.29,7.53,5.63,9.98,9.99,7.54,2.72,8.61,7.21,7.85,0.04,37.74,0.73,
20100513,13-May-2010,0.273,0.668,0.059,5.27,7.54,4.25,10.17,10.06,7.55,2.7,8.56,6.8,7.97,0.03,38.2,0.77,
20100514,14-May-2010,0.271,0.693,0.036,6.89,7.54,3.35,9.46,10.14,7.55,2.72,8.52,7.25,8.03,0.03,40.18,0.81,
20100515,15-May-2010,0.271,0.692,0.037,8.64,7.53,4.32,8.76,10.2,7.54,2.74,8.49,7.8,8.04,0.03,40.01,0.82,
20100516,16-May-2010,0.272,0.695,0.033,8.31,7.52,6.05,9.08,10.26,7.54,2.7,8.48,7.86,8.03,0.04,40.09,0.81,
20100517,17-May-2010,0.358,0.59,0.052,9.22,7.55,12.13,8.84,10.39,7.53,2.75,8.45,8.3,7.86,0.04,39.78,0.79,
20100518,18-May-2010,0.394,0.544,0.061,11.31,7.53,9.24,8.27,10.44,7.52,2.76,8.42,9.57,7.88,0.04,39.52,0.71,
20100519,19-May-2010,0.366,0.578,0.056,10.01,7.52,11.87,8.63,10.25,7.5,2.83,8.38,8.99,7.95,0.04,38.23,0.7,
20100520,20-May-2010,0.335,0.608,0.057,10.37,7.45,10.89,8.49,10.3,7.49,2.83,8.35,8.99,7.9,0.04,37.66,0.72,
20100521,21-May-2010,0.304,0.67,0.027,11.25,7.42,8.35,8.1,10.39,7.5,2.82,8.31,9.01,7.85,0.04,38.42,0.76,
20100522,22-May-2010,0.259,0.706,0.035,11.77,7.31,15.58,7.86,10.53,7.49,2.88,8.24,8.99,7.8,0.04,37.51,0.8,
20100523,23-May-2010,0.24,0.707,0.054,11.09,7.2,17.95,8.16,10.1,7.49,2.86,8.21,8.85,7.91,0.04,37.15,0.78,
20100524,24-May-2010,0.217,0.74,0.042,10.28,7.27,12.7,8.37,10.44,7.49,2.84,8.27,8.73,7.92,0.04,37.62,0.71,
20100525,25-May-2010,0.235,0.723,0.042,8.48,7.34,10.63,9.1,10.34,7.48,2.89,8.24,8.19,8.02,0.04,36.95,0.83,
20100526,26-May-2010,0.23,0.73,0.039,8.52,7.39,6.33,9.01,10.74,7.49,2.85,8.19,8.11,7.81,0.04,39.71,0.81,
20100527,27-May-2010,0.231,0.719,0.051,10.41,7.36,8.28,8.36,10.75,7.44,3.06,8.19,8.64,7.96,0.04,39.55,0.75,
20100528,28-May-2010,0.253,0.707,0.041,9.86,7.3,10.32,8.67,11.36,7.44,3.01,8.16,8.66,7.93,0.03,39.3,0.77,
20100529,29-May-2010,0.188,0.781,0.03,10.42,7.09,13.77,8.17,12.2,7.44,3.04,8.11,8.36,7.95,0.03,39.43,0.79,
20100530,30-May-2010,0.167,0.801,0.032,8.95,7.08,11.91,9.01,12.37,7.45,2.99,8.13,8.18,8,0.03,39.62,0.79,
20100531,31-May-2010,0.17,0.797,0.034,8.69,7.21,6.71,9.02,11.71,7.47,2.99,8.1,8.17,7.98,0.03,39.58,0.78,
20100601,01-Jun-2010,0.219,0.74,0.042,8.67,7.21,8.44,9.08,14.32,7.47,3.02,8.06,8.34,7.98,0.03,39.44,0.8,
20100602,02-Jun-2010,0.203,0.746,0.051,8.57,7.23,7.15,9.1,13.37,7.45,3.07,8.04,8.32,7.92,0.03,39.27,0.83,
20100603,03-Jun-2010,0.197,0.741,0.063,8.71,7.25,10.73,9.08,10.9,7.45,3.11,8.01,8.32,7.91,0.03,38.21,0.76,
20100604,04-Jun-2010,0.196,0.772,0.031,9.01,7.24,5.73,9.02,9.71,7.44,3.15,7.97,8.19,7.96,0.03,37.66,0.78,
20100605,05-Jun-2010,0.206,0.794,0,9.52,7.16,13.31,8.86,11.06,7.44,3.09,7.95,8.07,8.09,0.03,38.02,0.8,
20100606,06-Jun-2010,0.223,0.777,0,9.5,7.04,35.05,8.89,14.34,7.44,3.09,7.89,8.17,8.1,0.03,39.77,0.82,
20100607,07-Jun-2010,0.214,0.784,0.002,9.93,7.03,27.96,8.38,13.85,7.39,3.18,7.82,8.21,7.95,0.03,40.22,0.82,
20100608,08-Jun-2010,0.244,0.716,0.041,10.12,6.91,17.1,7.91,11.21,7.35,3.13,7.74,8.67,8.07,0.03,38.72,0.75,
20100609,09-Jun-2010,0.237,0.726,0.038,9.74,7.47,15.93,8.51,12.2,7.37,3.15,7.83,8.64,7.93,0.03,38.58,0.82,
20100610,10-Jun-2010,0.219,0.744,0.037,9.83,7.48,15.14,,13.37,7.35,3.19,,8.63,8.05,0.03,39.43,0.85,
20100611,11-Jun-2010,0.25,0.705,0.045,10.09,7.49,14.63,,13.42,7.33,3.2,,8.82,8.02,0.03,39.32,0.78,
20100612,12-Jun-2010,0.26,0.666,0.073,9.79,7.49,7.5,,13.61,7.32,3.22,,8.9,8.01,0.03,38.08,0.78,
20100613,13-Jun-2010,0.29,0.654,0.055,9.01,7.44,16.33,,13.59,7.31,3.24,,8.68,7.85,0.03,37.95,0.76,
20100614,14-Jun-2010,0.249,0.694,0.057,8.32,7.38,11.44,9.5,13.54,7.32,3.26,7.75,8.46,7.94,0.03,38.2,0.8,
20100615,15-Jun-2010,0.266,0.694,0.04,8.81,7.37,8.16,9.16,13.36,7.33,3.28,7.74,8.48,7.94,0.03,37.82,0.75,
20100616,16-Jun-2010,0.334,0.634,0.032,10.21,7.4,11.6,8.67,13.86,7.34,3.29,7.67,9.06,7.94,0.03,38.04,0.74,
20100617,17-Jun-2010,0.245,0.716,0.038,10.8,7.44,20.88,8.66,14.66,7.33,3.28,7.65,9.06,7.98,0.03,39.23,0.76,
20100618,18-Jun-2010,0.245,0.714,0.041,10.94,7.41,6.28,8.68,16.2,7.32,3.26,7.64,9.08,7.83,0.03,38.91,0.79,
20100619,19-Jun-2010,0.255,0.713,0.033,11.87,7.4,6.19,8.41,16.43,7.31,3.32,7.59,9.25,7.93,0.03,39.02,0.74,
20100620,20-Jun-2010,0.272,0.692,0.035,12.22,7.42,6.63,8.42,16,7.31,3.27,7.57,9.58,7.9,0.03,38.93,0.75,
20100621,21-Jun-2010,0.26,0.701,0.039,12.75,7.4,8.19,8.31,15.8,7.27,3.48,7.56,9.61,7.96,0.03,39.18,0.78,
20100622,22-Jun-2010,0.298,0.659,0.043,12.59,7.44,9.74,8.41,13.61,7.25,3.45,7.5,9.9,7.95,0.03,37.91,0.77,
20100623,23-Jun-2010,0.288,0.672,0.04,12.84,7.43,3.96,8.33,16,7.25,3.41,7.46,9.81,7.9,0.03,37.95,0.76,
20100624,24-Jun-2010,0.304,0.654,0.042,13.24,7.45,3.63,8.23,17.06,7.21,3.39,7.46,10.01,7.97,0.03,37.26,0.74,
20100625,25-Jun-2010,0.271,0.696,0.033,13.53,7.45,3.16,8.07,16.7,7.21,3.34,7.45,9.98,7.95,0.03,36.43,0.76,
20100626,26-Jun-2010,0.311,0.641,0.048,13.61,7.44,4.28,8.1,18.4,7.2,3.36,7.38,10.26,8.04,0.03,34.53,0.76,
20100627,27-Jun-2010,0.308,0.629,0.063,12.78,7.43,3.67,8.32,13.48,7.2,3.34,7.35,10.21,7.86,0.03,34.38,0.74,
20100628,28-Jun-2010,0.313,0.675,0.012,13.8,7.43,3.57,8.03,12.74,7.31,3.27,7.32,10.04,8.11,0.03,35.94,0.75,
20100629,29-Jun-2010,0.317,0.659,0.024,14.36,7.41,3.24,7.94,14.66,7.39,3.28,7.3,10.37,7.95,0.03,38.37,0.76,
20100630,30-Jun-2010,0.284,0.671,0.045,14.19,7.45,4.08,8.03,16.99,7.38,3.31,7.24,10.4,7.92,0.03,38.45,0.77,
20100701,01-Jul-2010,0.311,0.643,0.046,13.92,7.46,3.54,8.11,18.68,7.38,3.27,7.21,10.47,7.94,0.03,39.61,0.77,
20100702,02-Jul-2010,0.347,0.607,0.045,14.24,7.47,3.31,7.99,15.75,7.41,3.36,7.18,10.65,7.98,0.03,38.69,0.76,
20100703,03-Jul-2010,0.426,0.541,0.033,14.44,7.46,3.04,7.77,14.99,7.43,3.27,7.16,11.28,7.97,0.03,39.27,0.76,
20100704,04-Jul-2010,0.401,0.561,0.038,14.69,7.45,2.71,7.87,12.56,7.38,3.25,7.18,11.34,7.78,0.02,39.79,0.77,
20100705,05-Jul-2010,0.4,0.533,0.066,13.61,7.44,2.04,8.06,19,7.39,3.17,7.16,11.47,7.91,0.03,39.62,0.72,
20100706,06-Jul-2010,0.356,0.616,0.027,14.06,7.44,2.25,7.89,26.78,7.36,3.2,7.11,10.59,7.95,0.02,39.12,0.76,
20100707,07-Jul-2010,0.411,0.541,0.047,13.85,7.46,2.41,7.99,,7.35,3.2,7.07,11.23,7.92,0.03,39.14,0.77,
20100708,08-Jul-2010,0.545,0.405,0.051,12.53,7.48,2.43,8.38,,7.38,3.1,7.06,11.2,7.99,0.03,39.53,0.72,
20100709,09-Jul-2010,0.493,0.467,0.041,13.04,7.46,3.03,8.19,,7.39,3.08,7.02,11.42,7.79,0.03,38.83,0.76,
20100710,10-Jul-2010,0.416,0.544,0.04,13.57,7.48,3.04,8.02,,7.39,3.09,6.99,10.96,8.03,0.03,38.7,0.75,
20100711,11-Jul-2010,0.421,0.545,0.034,13.83,7.47,2.41,7.99,,7.38,3.22,6.92,11.17,7.86,0.03,38.46,0.77,
20100712,12-Jul-2010,0.47,0.488,0.042,14.59,7.48,2.87,7.89,,7.36,3.2,6.9,11.67,8.01,0.03,38.46,0.76,
20100713,13-Jul-2010,0.526,0.438,0.037,15.49,7.47,2.22,7.67,,7.31,3.28,6.86,12.69,7.86,0.03,40.66,0.74,
20100714,14-Jul-2010,0.404,0.564,0.032,16.04,7.47,2.25,7.58,,7.3,3.21,6.84,12.21,7.86,0.03,35.84,0.79,
20100715,15-Jul-2010,0.431,0.517,0.052,16.05,7.47,2.09,7.62,,7.3,3.16,6.8,12.23,8.02,0.03,38.29,0.79,
20100716,16-Jul-2010,0.465,0.506,0.029,16.61,7.48,2.16,7.5,,7.31,3.12,6.76,12.71,7.8,0.03,36.9,0.79,
20100717,17-Jul-2010,0.444,0.525,0.031,16.46,7.48,1.92,7.57,,7.32,3.06,6.75,12.67,7.78,0.03,37.32,0.77,
20100718,18-Jul-2010,0.416,0.553,0.031,16.15,7.48,1.9,7.63,,7.31,3.01,6.71,12.16,7.77,0.03,38.16,0.78,
20100719,19-Jul-2010,0.444,0.518,0.038,16.65,7.48,1.88,7.48,,7.3,3.07,6.68,12.44,7.87,0.03,39.9,0.77,
20100720,20-Jul-2010,0.466,0.496,0.039,17.24,7.48,1.77,7.33,,7.31,2.93,6.71,13.13,7.81,0.03,38.03,0.78,
20100721,21-Jul-2010,0.49,0.48,0.031,17.06,7.47,1.69,7.28,,7.31,2.89,6.67,13.32,7.92,0.03,36.49,0.77,
20100722,22-Jul-2010,0.467,0.509,0.024,16.92,7.5,2.17,7.32,,7.27,2.9,6.65,13.03,7.88,0.03,37.02,0.78,
20100723,23-Jul-2010,0.48,0.485,0.035,16.8,7.51,1.86,7.41,,7.26,2.89,6.6,12.99,7.92,0.03,37.66,0.74,
20100724,24-Jul-2010,0.469,0.5,0.031,17.81,7.5,1.84,7.23,,7.25,2.87,6.57,13.28,7.69,0.03,37.29,0.77,
20100725,25-Jul-2010,0.472,0.496,0.031,17.91,7.5,1.71,7.13,,7.27,2.84,6.56,13.73,7.66,0.03,36.98,0.76,
20100726,26-Jul-2010,0.42,0.545,0.036,18.43,7.5,1.7,7.03,,7.26,2.84,6.54,13.34,7.72,0.03,37.82,0.76,
20100727,27-Jul-2010,0.475,0.494,0.031,18.29,7.46,1.52,7.08,,7.27,2.79,6.52,13.8,7.86,0.03,37.77,0.74,
20100728,28-Jul-2010,0.516,0.45,0.033,17.65,7.47,1.48,7.2,,7.26,2.84,6.46,13.99,7.81,0.03,37.96,0.78,
20100729,29-Jul-2010,0.538,0.431,0.031,17.32,7.47,3.28,7.2,,7.28,2.89,6.42,13.82,7.91,0.02,37.41,0.77,
20100730,30-Jul-2010,0.518,0.459,0.023,17.33,7.49,2.16,7.14,,7.32,2.91,6.36,13.86,7.75,0.03,37.06,0.77,
20100731,31-Jul-2010,0.513,0.462,0.025,17.86,7.48,2.48,7.01,,7.32,2.92,6.34,13.8,8.01,0.03,37.94,0.75,
20100801,01-Aug-2010,0.541,0.43,0.029,18.51,7.46,2.05,6.83,,7.31,2.87,6.32,14.42,7.9,0.03,38.97,0.73,
20100802,02-Aug-2010,0.737,0.217,0.047,16.9,7.46,3.84,7.28,,7.24,2.97,6.25,15.86,8.05,0.03,38.1,0.75,
20100803,03-Aug-2010,0.44,0.529,0.031,16.03,7.42,2.77,7.41,,7.2,3.07,6.17,12.87,7.92,0.03,36.91,0.74,
20100804,04-Aug-2010,0.513,0.466,0.021,16.8,7.43,2.53,7.37,,7.2,3.06,6.16,13.19,7.97,0.03,38.2,0.76,
20100805,05-Aug-2010,0.551,0.414,0.035,16.14,7.43,2.28,7.56,,7.22,3.11,6.06,13.14,8.03,0.02,39.03,0.72,
20100806,06-Aug-2010,0.569,0.408,0.023,16.5,7.44,2.03,7.44,,7.24,3.09,6.04,14.13,7.92,0.03,40.72,0.76,
20100807,07-Aug-2010,0.509,0.463,0.029,16.64,7.47,1.97,7.39,,7.24,3.04,6.03,13.21,8.16,0.03,38.46,0.76,
20100808,08-Aug-2010,0.485,0.478,0.038,16.94,7.44,1.78,7.17,,7.23,3.18,5.91,13.34,7.92,0.03,38.96,0.76,
20100809,09-Aug-2010,0.569,0.392,0.039,17.68,7.42,1.8,6.95,,7.22,3.2,5.88,14.28,8.12,0.03,38.46,0.77,
20100810,10-Aug-2010,0.66,0.321,0.019,16.74,7.53,3.05,7.33,,7.16,3.32,5.86,14.47,7.98,0.03,38.3,0.76,
20100811,11-Aug-2010,0.575,0.4,0.025,16.56,7.46,2.12,7.38,,7.18,3.28,5.8,14.11,7.93,0.03,37.47,0.77,
20100812,12-Aug-2010,0.514,0.461,0.025,16.67,7.44,1.69,7.27,,7.18,3.3,5.75,13.6,7.83,0.03,38.26,0.77,
20100813,13-Aug-2010,0.486,0.492,0.022,16.16,7.45,1.6,7.39,,7.19,3.32,5.69,12.96,7.98,0.03,38.85,0.78,
20100814,14-Aug-2010,0.488,0.483,0.03,16.46,7.43,1.52,7.33,,7.19,3.26,5.7,13.02,7.95,0.03,39.02,0.77,
20100815,15-Aug-2010,0.49,0.488,0.022,16.6,7.42,1.45,7.27,,7.18,3.26,5.65,13.32,7.99,0.03,39.35,0.76,
20100816,16-Aug-2010,0.491,0.483,0.026,17.36,7.41,1.45,7.09,,7.18,3.22,5.62,13.77,7.98,0.03,39.41,0.79,
20100817,17-Aug-2010,0.529,0.434,0.037,16.01,7.42,1.55,7.43,,7.17,3.31,5.54,13.46,8.05,0.03,39.27,0.76,
20100818,18-Aug-2010,0.452,0.524,0.024,16.26,7.4,3.8,7.39,,7.17,3.27,5.49,12.9,8.06,0.03,38.65,0.76,
20100819,19-Aug-2010,0.453,0.528,0.019,16.89,7.35,3.11,7.23,,7.18,3.18,5.5,12.97,8.09,0.03,38.22,0.74,
20100820,20-Aug-2010,0.562,0.403,0.035,16.11,7.4,2.47,7.43,,7.17,3.33,5.38,13.4,8.05,0.03,38.4,0.71,
20100821,21-Aug-2010,0.463,0.513,0.024,17.39,7.42,1.57,7.17,,7.16,3.28,5.36,13.41,8.1,0.03,38.2,0.76,
20100822,22-Aug-2010,0.366,0.61,0.024,17.79,7.39,1.8,6.91,,7.16,3.26,5.35,12.93,8.1,0.02,38.89,0.76,
20100823,23-Aug-2010,0.366,0.603,0.031,17.9,7.15,2.06,6.93,,7.17,3.24,5.32,12.49,8.17,0.03,40.47,0.73,
20100824,24-Aug-2010,0.46,0.511,0.029,16.98,7.12,1.93,7.25,,7.15,3.33,5.22,13.72,8.03,0.03,40.17,0.71,
20100825,25-Aug-2010,0.355,0.625,0.02,16.72,7.15,1.86,7.28,,7.15,3.26,5.22,12.43,8.02,0.03,41.12,0.77,
20100826,26-Aug-2010,0.357,0.613,0.03,16.77,7.34,1.84,7.25,,7.15,3.26,5.15,12.13,8.16,0.03,40.34,0.76,
20100827,27-Aug-2010,0.334,0.646,0.02,16.76,7.41,1.78,7.19,,7.15,3.22,5.14,12.16,8.04,0.03,37.5,0.77,
20100828,28-Aug-2010,0.289,0.688,0.024,16.88,7.43,1.27,6.97,,7.15,3.21,5.11,11.94,7.98,0.03,39.63,0.77,
20100829,29-Aug-2010,0.243,0.733,0.024,17.31,7.27,1.37,6.82,,7.13,3.2,5.06,11.5,8.04,0.03,40.12,0.78,
20100830,30-Aug-2010,0.222,0.752,0.026,16.67,7.18,1.91,7.03,,7.13,3.23,5,11.23,8.03,0.03,40.91,0.78,
20100831,31-Aug-2010,0.242,0.727,0.03,16.07,7.16,1.8,7.26,,7.12,3.25,4.91,11.06,7.9,0.03,39.48,0.76,
20100901,01-Sep-2010,0.279,0.698,0.023,14.9,7.2,1.97,7.65,,7.13,3.22,4.87,11.18,8.05,0.03,39.83,0.77,
20100902,02-Sep-2010,0.34,0.635,0.025,14.55,7.21,2.19,7.8,,7.11,3.21,4.86,11.37,7.92,0.03,40.52,0.8,
20100903,03-Sep-2010,0.311,0.659,0.03,14.53,7.29,1.36,7.8,,7.1,3.25,4.78,11.3,7.83,0.03,40.12,0.82,
20100904,04-Sep-2010,0.192,0.783,0.024,14.9,7.31,1.42,7.44,,7.1,3.21,4.77,10.8,7.75,0.03,41.02,0.76,
20100905,05-Sep-2010,0.175,0.802,0.023,14.83,7.4,1.16,7.47,,7.11,3.22,4.72,10.51,7.98,0.03,39.77,0.77,
20100906,06-Sep-2010,0.191,0.781,0.028,15.22,7.37,1.35,7.3,,7.11,3.2,4.69,10.65,7.99,0.03,38.3,0.79,
20100907,07-Sep-2010,0.184,0.789,0.027,13.9,7.44,1.77,7.83,,7.12,3.11,4.66,10.48,7.94,0.03,37.64,0.78,
20100908,08-Sep-2010,0.191,0.784,0.025,13.48,7.47,1.93,7.89,,7.01,3.19,4.64,10.42,8,0.03,39.68,0.76,
20100909,09-Sep-2010,0.193,0.783,0.023,13.71,7.46,2.69,7.7,,6.96,3.14,4.6,10.62,8.06,0.03,40.21,0.76,
20100910,10-Sep-2010,0.19,0.787,0.023,14.08,7.46,2.36,7.62,,6.96,3.15,4.58,10.45,7.94,0.03,40.05,0.76,
20100911,11-Sep-2010,0.209,0.772,0.02,12.96,7.47,2.11,8.11,,6.94,3.23,4.42,10.38,7.96,0.03,39.66,0.77,
20100912,12-Sep-2010,0.233,0.745,0.022,12.92,7.49,2,8.15,,6.92,3.28,4.39,10.37,7.97,0.03,39.6,0.72,
20100913,13-Sep-2010,0.291,0.686,0.023,13.02,7.51,1.7,8.14,,6.93,3.25,4.32,10.65,8.02,0.03,40.29,0.75,
20100914,14-Sep-2010,0.302,0.678,0.02,13.66,7.51,1.52,7.93,,6.93,3.27,4.27,11,7.92,0.03,38.57,0.76,
20100915,15-Sep-2010,0.298,0.677,0.025,13.69,7.36,1.58,7.89,,6.94,3.33,4.2,11.04,7.94,0.03,41,0.73,
20100916,16-Sep-2010,0.329,0.649,0.021,14.21,7.37,1.51,7.8,,6.89,3.35,4.17,11.33,7.92,0.03,41.21,0.76,
20100917,17-Sep-2010,0.327,0.65,0.024,14.04,7.51,1.44,7.83,,6.9,3.39,4.08,11.34,8.06,0.03,40.34,0.76,
20100918,18-Sep-2010,0.355,0.62,0.025,13.55,7.51,1.38,7.9,,6.9,3.37,4.01,11.35,7.89,0.03,38.57,0.74,
20100919,19-Sep-2010,0.449,0.525,0.027,12.95,7.54,1.25,8.05,,6.9,3.44,3.91,11.52,7.93,0.03,36.62,0.74,
20100920,20-Sep-2010,0.327,0.647,0.026,14.1,7.53,1.28,7.66,,6.94,3.25,3.9,11.63,7.91,0.03,38.72,0.76,
20100921,21-Sep-2010,0.331,0.644,0.026,14.03,7.54,1.19,7.73,,6.95,3.2,3.84,11.76,8.03,0.03,38.31,0.75,
20100922,22-Sep-2010,0.376,0.599,0.025,13.83,7.56,1.1,7.73,,7.06,3.21,3.75,12.01,7.96,0.03,37.55,0.75,
20100923,23-Sep-2010,0.493,0.487,0.02,12.88,7.58,1.07,8.02,,7.14,3.21,3.69,11.67,8.07,0.03,37.28,0.74,
20100924,24-Sep-2010,0.332,0.625,0.043,12.85,7.57,1.05,8.23,,7.14,3.21,3.68,11.43,7.93,0.03,38.84,0.72,
20100925,25-Sep-2010,0.398,0.576,0.027,12.93,7.54,1.07,8.13,,,3.19,3.62,11.46,7.92,0.03,39.73,0.7,
20100926,26-Sep-2010,0.469,0.506,0.025,13.1,7.54,1.15,8.13,,,3.13,3.51,11.91,7.93,0.03,39.42,0.76,
20100927,27-Sep-2010,0.326,0.644,0.029,14.36,7.55,1.01,7.81,10.93,7.13,3.38,3.47,11.87,7.8,0.03,40.04,0.8,
20100928,28-Sep-2010,0.303,0.65,0.048,14.51,7.57,1.04,7.77,10.74,7.11,3,3.42,12.66,8.04,0.03,39.43,0.74,
20100929,29-Sep-2010,0.315,0.653,0.032,14.35,7.55,0.98,7.59,10.61,7.1,2.91,3.36,11.81,8.1,0.03,39.27,0.73,
20100930,30-Sep-2010,0.408,0.563,0.029,13.36,7.5,,7.94,10.6,7.09,2.86,3.33,12.06,8.08,0.03,38.73,0.78,
20101001,01-Oct-2010,0.398,0.584,0.019,12.75,7.49,1.15,8.17,10.63,7.09,2.85,3.26,11.59,7.91,0.03,39.14,0.79,
20101002,02-Oct-2010,0.393,0.574,0.033,12.34,7.49,,8.35,10.58,7.09,2.86,3.15,11.56,7.82,0.03,37.64,0.81,
20101003,03-Oct-2010,0.457,0.512,0.032,11.62,7.51,1.97,8.51,10.57,7.09,2.88,3.09,11.34,8.03,0.03,37.15,0.79,
20101004,04-Oct-2010,0.39,0.586,0.024,11.37,7.52,1.84,8.54,10.59,7.09,2.88,3.03,11.11,7.99,0.03,38.35,0.78,
20101005,05-Oct-2010,0.379,0.586,0.035,11.63,7.53,1.26,8.43,10.81,7.14,2.95,3.52,11.19,7.92,0.03,38.14,0.75,
20101006,06-Oct-2010,0.426,0.537,0.037,12.64,7.54,0.97,8.19,10.64,7.15,2.94,4.09,11.64,7.97,0.03,38.05,0.76,
20101007,07-Oct-2010,0.454,0.523,0.023,12.49,7.6,0.89,8.27,10.86,7.18,2.9,4.02,11.85,7.85,0.03,38,0.76,
20101008,08-Oct-2010,0.431,0.538,0.031,13.14,7.6,0.97,7.98,10.94,7.18,2.89,3.97,11.92,7.99,0.03,38.32,0.79,
20101009,09-Oct-2010,0.472,0.502,0.026,10.66,7.65,0.93,8.76,10.61,7.19,3.03,3.88,11.22,7.96,0.03,39.99,0.76,
20101010,10-Oct-2010,0.524,0.439,0.037,9.97,7.65,0.92,8.9,10.56,7.19,3.03,3.87,10.71,7.93,0.03,39.72,0.74,
20101011,11-Oct-2010,0.645,0.323,0.032,9.65,7.64,0.93,8.98,10.75,7.21,2.89,3.73,10.4,7.94,0.03,39.78,0.75,
20101012,12-Oct-2010,0.668,0.303,0.029,10.33,7.58,1.01,8.8,10.86,7.18,2.98,3.67,10.87,7.99,0.03,39.49,0.8,
20101013,13-Oct-2010,0.763,0.183,0.054,9.82,7.62,1.18,8.98,10.83,7.18,3.06,3.58,10.83,8.06,0.03,39.74,0.81,
20101014,14-Oct-2010,0.765,0.21,0.025,9.49,7.83,1.12,9.03,10.82,7.18,3.06,3.52,10.43,7.96,0.03,39.95,0.81,
20101015,15-Oct-2010,0.69,0.276,0.034,9.64,7.84,0.98,8.98,10.88,7.18,3.17,3.43,10.49,7.67,0.03,39.64,0.79,
20101016,16-Oct-2010,0.51,0.462,0.028,9.63,7.84,0.95,9,10.86,7.17,3.16,3.42,10.52,7.84,0.03,39.47,0.77,
20101017,17-Oct-2010,0.451,0.508,0.041,9.08,,0.92,9.16,10.88,7.18,3.16,3.33,10.23,7.88,0.03,39.47,0.7,
20101018,18-Oct-2010,0.538,0.408,0.054,9.38,,0.92,8.99,10.79,7.17,3.16,3.24,10.33,8.05,0.03,39.45,0.7,
20101019,19-Oct-2010,0.673,0.288,0.039,8.18,,0.92,9.4,10.77,7.16,3.13,3.23,9.63,8.03,0.03,39.43,0.76,
20101020,20-Oct-2010,0.649,0.304,0.046,8.18,7.59,0.96,9.4,10.76,7.15,3.2,3.15,9.52,8,0.03,39.43,0.8,
20101021,21-Oct-2010,0.699,0.263,0.038,8,7.61,0.92,9.44,10.74,7.14,3.23,3.03,9.33,8.01,0.03,38.97,0.77,
20101022,22-Oct-2010,0.627,0.334,0.039,8.13,7.65,0.97,9.25,10.73,7.14,3.27,2.93,9.48,7.93,0.03,39.45,0.79,
20101023,23-Oct-2010,0.935,0,0.065,8.26,7.62,0.9,9.13,,,,,9.55,7.85,0.03,40.1,0.78,
20101024,24-Oct-2010,0.968,0,0.032,8.5,7.64,0.92,9.14,,,,,9.78,8.07,0.03,41.14,0.77,
20101025,25-Oct-2010,0.625,0.324,0.051,8.21,7.68,0.95,9.11,10.82,7.14,3.19,2.78,9.48,8.15,0.03,41.31,0.75,
20101026,26-Oct-2010,0.607,0.356,0.036,5.91,7.68,1.1,9.93,10.96,7.15,3.1,2.99,8.51,7.96,0.03,39.77,0.79,
20101027,27-Oct-2010,0.59,0.376,0.034,3.77,7.59,1.08,10.78,11.15,7.17,3.19,3.32,7.1,8.08,0.03,39.74,0.79,
20101028,28-Oct-2010,0.608,0.38,0.013,2.94,7.57,0.93,11.28,11.52,7.24,3.2,4.2,6.62,7.97,0.03,38.87,0.77,
20101029,29-Oct-2010,0.409,0.541,0.05,3.96,7.6,0.79,10.87,11.92,7.34,3.09,5.13,8.18,7.82,0.03,38.1,0.76,
20101030,30-Oct-2010,0.479,0.473,0.048,4.71,7.61,0.96,10.5,12.15,7.42,3.02,5.73,8.76,8.05,0.03,40.23,0.77,
20101031,31-Oct-2010,0.493,0.49,0.016,6.35,7.57,0.94,9.71,12.4,7.49,2.98,6.18,9.54,7.93,0.03,38.75,0.77,
20101101,01-Nov-2010,0.48,0.44,0.08,6.89,7.53,1,9.65,12.49,7.52,2.98,6.38,9.82,7.91,0.03,38.78,0.77,
20101102,02-Nov-2010,0.491,0.476,0.032,6.43,7.43,0.93,9.97,12.64,7.62,3.02,7.05,9.89,7.96,0.03,39.09,0.8,
20101103,03-Nov-2010,0.466,0.476,0.058,6.57,7.4,0.88,9.87,12.62,7.66,3.01,7.23,9.94,8.1,0.03,39.06,0.78,
20101104,04-Nov-2010,0.477,0.474,0.049,6.73,7.44,0.84,9.93,12.62,7.69,2.97,7.37,10.08,7.91,0.03,39.82,0.76,
20101105,05-Nov-2010,0.465,0.466,0.068,5.47,7.45,0.81,10.38,12.59,7.73,2.98,7.53,9.57,7.97,0.03,39.82,0.81,
20101106,06-Nov-2010,0.434,0.546,0.019,5.09,7.59,0.79,10.41,12.54,7.79,2.88,7.72,9.53,8,0.03,41.03,0.8,
20101107,07-Nov-2010,0.468,0.501,0.03,5.73,7.69,0.81,10.08,12.47,7.78,2.93,7.65,9.63,7.99,0.03,42.34,0.77,
20101108,08-Nov-2010,0.606,0.354,0.039,5.29,7.73,0.86,10.16,12.43,7.79,2.94,7.67,8.62,7.91,0.03,40.63,0.76,
20101109,09-Nov-2010,0.607,0.354,0.038,4.92,7.73,0.83,10.1,12.44,7.85,2.79,7.97,8.15,7.98,0.03,39.07,0.79,
20101110,10-Nov-2010,0.584,0.383,0.033,4.14,7.71,0.8,10.57,12.18,7.86,2.8,7.9,7.85,7.93,0.03,38.88,0.78,
20101111,11-Nov-2010,0.597,0.367,0.036,3.23,7.71,0.73,11.02,11.95,7.88,2.68,8.03,7.14,7.94,0.03,38.64,0.75,
20101112,12-Nov-2010,0.625,0.337,0.037,2.37,7.72,0.74,11.42,11.58,,2.75,8.18,6.31,7.97,0.03,39.23,0.76,
20101113,13-Nov-2010,0.627,0.331,0.042,1.65,7.73,0.71,11.64,11.39,,2.71,8.17,5.6,8,0.03,39.19,0.79,
20101114,14-Nov-2010,0.625,0.333,0.042,1.65,7.78,0.7,11.5,11.22,,2.65,8.24,5.47,7.95,0.03,37.94,0.77,
20101115,15-Nov-2010,0.632,0.299,0.069,1.72,7.82,0.69,11.43,10.91,,2.16,8.07,5.04,7.92,0.03,38.86,0.79,
20101116,16-Nov-2010,0.63,0.279,0.091,2.02,7.91,0.74,10.82,10.81,7.61,2.36,8.19,5.11,8,0.03,39.92,0.81,
20101117,17-Nov-2010,0.629,0.335,0.036,2.13,7.96,0.77,10.59,10.51,7.54,2.9,8.3,5.32,8.04,0.03,39.69,0.8,
20101118,18-Nov-2010,0.612,0.35,0.037,1.64,7.8,0.74,10.88,10.18,7.54,3.34,8.35,4.97,7.99,0.03,39.62,0.78,
20101119,19-Nov-2010,0.608,0.359,0.033,2.15,7.62,0.75,10.51,9.93,7.54,3.15,8.34,5.15,8.05,0.03,39.93,0.79,
20101120,20-Nov-2010,0.612,0.356,0.032,2.49,7.62,0.73,10.38,9.86,7.51,3.17,8.25,5.37,8.08,0.03,40.32,0.78,
20101121,21-Nov-2010,0.617,0.338,0.046,1.89,7.65,0.72,10.55,9.67,7.53,3.06,8.32,4.91,7.95,0.03,40,0.75,
20101122,22-Nov-2010,0.619,0.334,0.047,2.01,7.62,0.75,10.49,9.59,7.58,2.82,8.46,5.23,8.18,0.03,40.65,0.73,
20101123,23-Nov-2010,0.618,0.319,0.063,1.42,7.65,0.69,10.87,9.36,7.57,2.84,8.46,4.92,7.86,0.03,39.58,0.78,
20101124,24-Nov-2010,0.689,0.246,0.065,1.36,7.69,0.67,10.74,9.08,7.59,2.79,8.56,4.22,7.92,0.03,39.28,0.8,
20101125,25-Nov-2010,0.633,0.321,0.046,1.44,7.67,0.62,10.9,8.7,7.59,2.93,8.61,4.38,7.74,0.03,38.39,0.76,
20101126,26-Nov-2010,0.59,0.354,0.056,1.56,7.67,0.59,10.9,8.25,7.59,3.21,8.71,4.74,7.78,0.03,38.11,0.75,
20101127,27-Nov-2010,0.566,0.387,0.048,1.55,7.75,0.59,10.94,8.07,7.58,3.12,8.7,4.91,7.91,0.03,38.3,0.77,
20101128,28-Nov-2010,0.559,0.394,0.047,1.49,7.77,0.67,10.73,7.99,7.58,2.99,8.7,4.82,8.23,0.03,38.1,0.78,
20101129,29-Nov-2010,0.523,0.396,0.081,1.23,7.72,0.76,10.71,7.86,7.59,2.9,8.78,4.61,8.06,0.03,37.56,0.78,
20101130,30-Nov-2010,0.528,0.438,0.035,1.03,7.68,0.68,10.97,7.4,7.57,3.03,8.93,4.46,8.06,0.03,37.46,0.82,
20101201,01-Dec-2010,0.498,0.466,0.035,0.93,7.67,0.64,10.89,7.21,7.57,3.09,8.94,4.46,8.03,0.03,38.24,0.77,
20101202,02-Dec-2010,0.517,0.413,0.07,0.92,7.7,0.65,10.9,7.46,7.61,3,8.98,4.25,8.14,0.03,38.23,0.78,
20101203,03-Dec-2010,0.54,0.422,0.038,0.84,7.65,0.76,10.86,7.48,7.65,2.91,9.05,4.15,8.02,0.03,37.85,0.78,
20101204,04-Dec-2010,0.547,0.41,0.043,0.84,7.58,0.82,10.96,7.49,7.66,2.71,9.13,3.97,8.09,0.03,38.74,0.78,
20101205,05-Dec-2010,0.548,0.411,0.042,0.84,7.59,0.74,11.04,7.36,7.67,2.84,9.21,3.91,7.91,0.03,38.12,0.78,
20101206,06-Dec-2010,0.543,0.396,0.061,0.82,7.62,0.7,11.08,7.23,7.67,2.83,9.16,3.86,7.93,0.03,38.28,0.8,
20101207,07-Dec-2010,0.55,0.394,0.057,0.81,7.64,0.68,10.97,7.15,7.69,2.76,9.24,3.78,7.96,0.03,38.86,0.77,
20101208,08-Dec-2010,0.524,0.404,0.073,0.89,7.65,0.66,11.04,7.03,7.68,2.67,9.29,3.89,7.99,0.03,38.53,0.8,
20101209,09-Dec-2010,0.482,0.469,0.049,1.1,7.57,0.63,10.93,6.96,7.69,2.6,9.34,4.23,8.17,0.03,38.94,0.8,
20101210,10-Dec-2010,0.445,0.527,0.028,1.08,7.63,0.64,10.9,6.94,7.69,2.58,9.37,4.43,7.93,0.03,40.04,0.79,
20101211,11-Dec-2010,0.417,0.549,0.034,1.01,7.63,0.64,10.89,6.77,7.64,2.6,9.44,4.41,7.88,0.03,40.02,0.76,
20101212,12-Dec-2010,0.407,0.554,0.039,1,7.65,0.62,11.08,6.48,7.65,2.73,9.55,4.3,7.84,0.03,38.73,0.74,
20101213,13-Dec-2010,0.412,0.553,0.034,0.95,7.68,0.69,10.92,6.46,7.69,2.58,9.58,4.31,8.07,0.03,39.32,0.73,
20101214,14-Dec-2010,0.427,0.536,0.037,0.97,7.67,0.68,10.85,6.47,7.69,2.54,9.56,4.26,8.06,0.03,38.99,0.77,
20101215,15-Dec-2010,0.422,0.542,0.036,1.02,7.67,0.65,10.71,6.44,7.69,2.49,9.63,4.23,8.04,0.03,39.36,0.76,
20101216,16-Dec-2010,0.446,0.516,0.038,1,7.65,0.61,10.87,6.24,7.65,2.54,9.71,4.05,7.9,0.03,39.42,0.74,
20101217,17-Dec-2010,0.48,0.471,0.048,0.95,7.7,0.58,11,6.11,7.69,2.53,9.8,3.81,7.93,0.03,40.19,0.75,
20101218,18-Dec-2010,0.476,0.482,0.042,0.95,7.75,0.57,10.99,5.98,7.68,2.47,9.79,3.79,8.17,0.03,39.47,0.79,
20101219,19-Dec-2010,0.476,0.482,0.042,0.94,7.78,0.57,10.88,5.87,7.68,2.52,9.79,3.77,8.03,0.03,39.63,0.77,
20101220,20-Dec-2010,0.476,0.482,0.042,0.92,7.76,0.86,10.76,5.84,7.71,2.55,9.87,3.68,8.07,0.03,39.09,0.77,
20101221,21-Dec-2010,0.485,0.478,0.036,0.89,7.68,0.83,10.83,5.74,7.73,2.7,9.96,3.54,8.03,0.03,39.27,0.76,
20101222,22-Dec-2010,0.563,0.395,0.042,0.89,7.66,0.72,10.97,5.68,7.73,2.7,9.97,3.32,8.01,0.03,38.54,0.77,
20101223,23-Dec-2010,0.574,0.376,0.05,0.88,7.68,0.68,10.95,5.67,7.73,2.6,9.98,3.22,7.98,0.03,38.26,0.8,
20101224,24-Dec-2010,0.559,0.397,0.045,0.88,7.67,0.67,10.98,5.61,7.74,2.54,10,3.21,7.98,0.03,38.18,0.79,
20101225,25-Dec-2010,0.585,0.372,0.043,0.88,7.69,0.64,11.11,5.51,7.79,2.56,10.11,3.09,7.81,0.03,37.82,0.76,
20101226,26-Dec-2010,0.571,0.389,0.041,0.86,7.74,0.59,10.86,5.45,7.81,2.49,10.08,3.17,7.94,0.03,39.37,0.75,
20101227,27-Dec-2010,0.505,0.458,0.038,0.86,7.76,0.62,10.96,5.4,7.82,2.53,10.19,3.28,7.97,0.03,38.58,0.75,
20101228,28-Dec-2010,0.501,0.456,0.042,0.83,7.76,0.64,10.99,5.35,7.84,2.42,10.22,3.31,7.99,0.03,38.5,0.76,
20101229,29-Dec-2010,0.481,0.478,0.041,0.82,7.8,0.62,10.85,5.28,7.86,2.42,10.24,3.38,7.95,0.03,39.48,0.74,
20101230,30-Dec-2010,0.474,0.491,0.035,0.81,7.66,0.64,10.66,5.2,7.86,2.47,10.25,3.34,8,0.03,38.63,0.75,
20101231,31-Dec-2010,0.503,0.459,0.038,0.76,7.59,0.65,10.77,4.95,7.86,2.46,10.28,3.12,7.93,0.03,38.66,0.77,
20110101,01-Jan-2011,0.474,0.483,0.043,0.74,7.6,0.62,10.88,4.74,7.88,2.53,10.35,3.02,7.95,0.04,37.73,0.78,
20110102,02-Jan-2011,0.406,0.544,0.05,0.95,7.66,0.58,11.09,4.56,7.89,2.52,10.39,3.22,7.99,0.05,40.05,0.76,
20110103,03-Jan-2011,0.41,0.541,0.049,1.03,7.67,0.55,11.03,4.46,7.88,2.52,10.43,3.26,7.92,0.04,40.41,0.76,
20110104,04-Jan-2011,0.411,0.549,0.041,0.99,7.78,0.57,11,4.28,7.89,2.55,10.46,3.17,7.89,0.03,39.96,0.77,
20110105,05-Jan-2011,0.48,0.476,0.045,0.85,7.72,0.59,10.98,4.15,7.76,2.53,10.38,3.15,8.02,0.03,39.49,0.71,
20110106,06-Jan-2011,0.468,0.496,0.037,0.44,7.69,0.65,11,3.87,7.68,2.58,10.38,2.87,8.02,0.03,38.62,0.77,
20110107,07-Jan-2011,0.487,0.469,0.044,0.53,7.65,0.68,10.87,3.6,7.75,2.72,10.57,2.69,8.02,0.03,36.36,0.79,
20110108,08-Jan-2011,0.495,0.455,0.05,0.42,7.62,0.63,10.89,3.62,7.74,2.83,10.58,2.63,8.02,0.03,37.22,0.81,
20110109,09-Jan-2011,0.479,0.48,0.042,0.54,7.62,0.61,10.8,3.65,7.7,2.96,10.51,2.75,8,0.03,37.8,0.8,
20110110,10-Jan-2011,0.473,0.507,0.02,0.49,7.55,0.61,10.81,3.62,7.67,2.96,10.45,2.59,8.06,0.04,37.48,0.82,
20110111,11-Jan-2011,0.472,0.491,0.037,0.29,7.52,0.59,10.96,3.6,7.65,2.92,10.43,2.35,7.99,0.03,37.34,0.79,
20110112,12-Jan-2011,0.46,0.499,0.042,0.46,7.54,0.56,11.02,3.55,7.67,2.92,10.44,2.41,7.86,0.04,37.55,0.78,
20110113,13-Jan-2011,0.439,0.506,0.055,0.33,7.56,0.56,10.95,3.61,7.62,2.98,10.33,2.38,7.88,0.04,37.35,0.83,
20110114,14-Jan-2011,0.521,0.446,0.034,0.33,7.58,0.58,10.94,3.66,7.58,3.03,10.23,2.24,8.03,0.03,38.76,0.8,
20110115,15-Jan-2011,0.534,0.426,0.04,0.31,7.59,0.6,11,3.68,7.54,3.04,10.16,2.2,7.98,0.03,39,0.78,
20110116,16-Jan-2011,0.53,0.43,0.04,0.3,7.61,0.63,10.96,3.69,7.5,3.19,10.09,2.2,8.02,0.03,40.51,0.79,
20110117,17-Jan-2011,0.53,0.426,0.043,0.25,7.64,0.68,10.83,3.63,7.52,3.13,10.12,2.22,8.04,0.03,40.36,0.79,
20110118,18-Jan-2011,0.497,0.451,0.052,0.39,7.62,0.71,10.86,3.42,7.71,2.81,10.59,2.19,8.1,0.03,40.56,0.83,
20110119,19-Jan-2011,0.508,0.433,0.059,0.3,7.62,0.72,10.88,3.42,7.69,2.7,10.21,2.12,7.92,0.03,38.92,0.81,
20110120,20-Jan-2011,0.533,0.41,0.057,0.29,7.6,0.66,10.97,3.28,7.75,2.77,9.86,2,8.06,0.03,38.2,0.79,
20110121,21-Jan-2011,0.479,0.485,0.036,0.31,7.63,0.65,10.92,3.02,7.83,2.88,10.09,2,8.03,0.03,38.38,0.77,
20110122,22-Jan-2011,0.465,0.492,0.043,0.32,7.66,0.64,10.9,2.97,7.8,2.93,10.1,2,7.96,0.03,38.81,0.75,
20110123,23-Jan-2011,0.482,0.473,0.045,0.31,7.66,0.64,10.99,2.92,7.79,3.02,10.13,1.93,7.92,0.03,38.28,0.74,
20110124,24-Jan-2011,0.494,0.459,0.047,0.31,7.66,0.64,10.98,2.9,7.78,3.09,10.14,1.92,8.1,0.03,38.15,0.73,
20110125,25-Jan-2011,0.538,0.414,0.048,0.3,7.65,0.64,11.07,2.86,7.75,3.28,10.14,1.87,7.97,0.03,38.41,0.78,
20110126,26-Jan-2011,0.539,0.427,0.034,0.47,7.69,0.65,11.03,3.09,7.78,3.19,10.06,1.99,8.12,0.04,38.75,0.8,
20110127,27-Jan-2011,0.448,0.508,0.044,0.3,7.66,0.64,11.03,2.96,7.72,3.25,10.02,2.09,7.98,0.03,39.1,0.79,
20110128,28-Jan-2011,0.488,0.46,0.052,0.28,7.67,0.66,11,2.98,7.7,3.24,10.01,2.01,8.08,0.03,39.82,0.75,
20110129,29-Jan-2011,0.492,0.466,0.042,0.26,7.65,0.66,10.93,3.03,7.77,3.17,10.19,2,8.15,0.03,39.73,0.79,
20110130,30-Jan-2011,0.491,0.469,0.039,0.28,7.66,0.66,10.98,3.08,7.82,3.11,10.27,1.99,8.13,0.03,39.69,0.78,
20110131,31-Jan-2011,0.495,0.444,0.061,0.3,7.64,0.65,10.95,3.1,7.83,3.17,10.3,2.01,7.89,0.03,39.81,0.77,
20110201,01-Feb-2011,0.492,0.407,0.101,0.29,7.62,0.63,11.13,3.11,7.78,3.26,10.23,2.05,7.75,0.03,39.85,0.8,
20110202,02-Feb-2011,0.395,0.558,0.047,0.27,7.64,0.63,11.24,3.07,7.76,3.25,10.21,2.17,8.04,0.03,39.59,0.83,
20110203,03-Feb-2011,0.395,0.566,0.04,0.32,7.67,0.6,11.26,3.1,7.69,3.3,10.08,2.21,7.94,0.03,39.55,0.78,
20110204,04-Feb-2011,0.442,0.521,0.037,0.3,7.71,0.63,11.21,3.13,7.63,3.39,9.98,2.18,8.06,0.03,38.58,0.79,
20110205,05-Feb-2011,0.495,0.472,0.033,0.16,7.66,0.67,10.99,3.15,7.58,3.43,9.86,1.95,7.97,0.04,37.85,0.75,
20110206,06-Feb-2011,0.533,0.413,0.054,0.14,7.56,0.64,10.97,3.16,7.56,3.41,9.8,1.87,7.8,0.04,38.36,0.75,
20110207,07-Feb-2011,0.496,0.458,0.046,0.2,7.58,0.61,11.08,3.15,7.53,3.33,9.72,1.99,7.95,0.03,38.84,0.78,
20110208,08-Feb-2011,0.497,0.437,0.067,0.14,7.56,0.63,10.97,3.2,7.42,3.41,9.39,2.02,7.86,0.03,37.91,0.75,
20110209,09-Feb-2011,0.502,0.457,0.041,0.26,7.54,0.64,11.05,3.39,7.44,3.48,9.3,2.07,7.81,0.05,37.02,0.79,
20110210,10-Feb-2011,0.489,0.469,0.042,0.12,7.57,0.61,11,3.21,7.38,3.51,9.22,2.01,8.02,0.04,37.88,0.77,
20110211,11-Feb-2011,0.593,0.375,0.032,0.09,7.58,0.66,11.05,3.22,7.34,3.46,9.12,1.78,8.02,0.03,38.09,0.74,
20110212,12-Feb-2011,0.612,0.345,0.042,0.05,7.61,0.62,11.1,3.23,7.3,3.42,8.98,1.66,8.04,0.03,38.07,0.77,
20110213,13-Feb-2011,0.61,0.347,0.043,0.05,7.67,0.64,11.09,3.26,7.24,3.4,8.8,1.72,7.95,0.03,37.75,0.77,
20110214,14-Feb-2011,0.62,0.314,0.066,0.09,7.67,0.65,11.14,3.46,7.23,3.3,8.71,1.72,7.96,0.03,37.71,0.78,
20110215,15-Feb-2011,0.621,0.301,0.077,0.07,7.68,0.65,11.06,3.52,7.21,3.28,8.65,1.84,7.88,0.03,38.38,0.76,
20110216,16-Feb-2011,0.628,0.323,0.049,0.09,7.67,0.67,10.94,3.58,7.19,3.25,8.51,1.74,8,0.04,37.96,0.76,
20110217,17-Feb-2011,0.569,0.371,0.059,0.13,7.68,0.63,10.87,3.59,7.17,3.25,8.36,1.95,7.93,0.03,37.2,0.78,
20110218,18-Feb-2011,0.58,0.381,0.039,0.12,7.66,0.72,11.04,3.59,7.2,3.04,8.53,1.91,7.96,0.02,36.81,0.78,
20110219,19-Feb-2011,0.558,0.407,0.035,0.11,7.69,0.67,11.05,3.39,7.35,2.78,9.19,2,7.87,0.03,37.51,0.76,
20110220,20-Feb-2011,0.516,0.467,0.017,0.13,7.71,0.63,10.87,3.4,7.43,2.61,9.53,2.08,7.91,0.03,38.11,0.75,
20110221,21-Feb-2011,0.49,0.491,0.02,0.12,7.69,0.61,10.92,3.44,7.5,2.51,9.74,2.16,7.84,0.03,38.45,0.73,
20110222,22-Feb-2011,0.502,0.456,0.043,0.14,7.69,0.67,10.97,3.47,7.54,2.45,9.83,2.18,7.69,0.03,38.4,0.76,
20110223,23-Feb-2011,0.496,0.466,0.039,0.17,7.69,0.62,10.9,3.51,7.47,2.44,9.67,2.36,7.71,0.03,38.1,0.78,
20110224,24-Feb-2011,0.502,0.462,0.036,0.2,7.7,0.62,10.97,3.57,7.49,2.41,9.75,2.27,8.08,0.03,40.13,0.77,
20110225,25-Feb-2011,0.492,0.471,0.037,0.18,7.69,0.62,10.92,3.64,7.58,2.37,10.04,2.29,7.96,0.03,39.95,0.77,
20110226,26-Feb-2011,0.503,0.454,0.043,0.16,7.67,0.6,10.81,3.68,7.6,2.45,10.15,2.3,7.69,0.03,40.17,0.78,
20110227,27-Feb-2011,0.51,0.45,0.04,0.18,7.71,0.62,10.82,3.7,7.58,2.42,10.08,2.25,7.87,0.03,40.72,0.78,
20110228,28-Feb-2011,0.484,0.479,0.038,0.2,7.71,0.58,10.94,3.76,7.55,2.45,9.97,2.38,7.84,0.03,39.79,0.78,
20110301,01-Mar-2011,0.505,0.459,0.036,0.22,7.7,0.58,10.96,3.83,7.52,2.48,9.85,2.35,7.91,0.03,39.73,0.8,
20110302,02-Mar-2011,0.483,0.501,0.017,0.22,7.69,0.58,10.98,3.86,7.58,2.36,9.96,2.47,7.96,0.03,37.97,0.8,
20110303,03-Mar-2011,0.517,0.453,0.03,0.25,7.7,0.62,10.87,3.93,7.64,2.29,10.1,2.42,7.87,0.03,38.14,0.78,
20110304,04-Mar-2011,0.491,0.469,0.04,0.31,7.66,0.62,10.81,3.91,7.62,2.23,10.16,2.59,8.05,0.03,38.67,0.79,
20110305,05-Mar-2011,0.506,0.471,0.023,0.39,7.65,0.6,10.89,3.88,7.59,2.21,10.16,2.55,7.95,0.03,38.45,0.8,
20110306,06-Mar-2011,0.489,0.509,0.002,0.27,7.7,0.6,10.98,3.88,7.53,2.24,9.99,2.49,7.78,0.03,39.05,0.8,
20110307,07-Mar-2011,0.503,0.447,0.05,0.24,7.72,0.59,10.86,3.87,7.45,2.24,9.76,2.34,7.8,0.03,39.27,0.77,
20110308,08-Mar-2011,0.502,0.455,0.043,0.22,7.72,0.56,10.88,3.85,7.52,2.16,9.98,2.16,7.9,0.03,39.29,0.77,
20110309,09-Mar-2011,0.489,0.472,0.039,0.26,7.69,0.59,10.92,3.8,7.54,2.19,10.03,2.26,8.03,0.03,38.34,0.79,
20110310,10-Mar-2011,0.515,0.464,0.022,0.45,7.67,0.59,10.83,3.81,7.55,2.23,10.06,2.33,8.05,0.03,39.65,0.77,
20110311,11-Mar-2011,0.497,0.484,0.02,1.31,7.67,0.61,10.22,3.86,7.55,2.24,10.03,2.7,8.12,0.03,40.54,0.79,
20110312,12-Mar-2011,0.503,0.462,0.035,2.64,7.62,0.67,9.84,3.97,7.54,2.44,10.01,3.49,8.07,0.03,39.87,0.78,
20110313,13-Mar-2011,0.563,0.399,0.039,2.56,7.61,0.65,10.07,4.08,7.54,2.61,10.01,3.55,7.87,0.03,38.51,0.78,
20110314,14-Mar-2011,0.576,0.387,0.037,3.16,7.62,0.67,9.97,4.25,7.52,2.73,9.99,4.02,7.89,0.03,38.77,0.79,
20110315,15-Mar-2011,0.563,0.394,0.042,3.74,7.61,0.67,9.79,4.35,7.51,2.6,9.97,4.25,7.92,0.03,39,0.79,
20110316,16-Mar-2011,0.573,0.38,0.047,4.34,7.59,0.7,9.51,4.49,7.51,2.66,9.95,4.68,7.92,0.03,39.22,0.78,
20110317,17-Mar-2011,0.566,0.367,0.067,5.24,7.57,0.75,9.07,4.64,7.51,2.66,9.93,5.19,7.94,0.03,39.56,0.79,
20110318,18-Mar-2011,0.57,0.366,0.064,5.18,7.52,0.8,9.27,4.75,7.5,2.83,9.89,5.48,8.06,0.03,41.22,0.79,
20110319,19-Mar-2011,0.561,0.401,0.039,5.22,7.53,0.78,9.29,4.81,7.49,2.83,9.87,5.41,7.92,0.03,41.63,0.77,
20110320,20-Mar-2011,0.556,0.419,0.024,5.53,7.56,0.78,9.08,4.94,7.49,2.8,9.86,5.46,7.75,0.03,41.68,0.75,
20110321,21-Mar-2011,0.557,0.429,0.014,5.47,7.6,0.78,9.22,5.04,7.48,2.8,9.84,5.49,7.91,0.03,40.1,0.77,
20110322,22-Mar-2011,0.551,0.408,0.042,6.13,7.57,0.83,8.81,5.31,7.48,2.91,9.82,5.94,8.08,0.03,39.32,0.8,
20110323,23-Mar-2011,0.572,0.389,0.039,5.18,7.58,0.83,9.4,5.17,7.56,3.04,9.77,5.6,8.05,0.03,39.57,0.79,
20110324,24-Mar-2011,0.541,0.427,0.032,4.85,7.61,0.77,9.54,4.9,7.65,3.07,9.73,4.93,7.81,0.03,39.44,0.79,
20110325,25-Mar-2011,0.571,0.403,0.026,4.11,7.63,0.75,9.76,4.83,7.65,3.47,9.7,4.68,8.13,0.03,39.71,0.73,
20110326,26-Mar-2011,0.554,0.424,0.021,4.28,7.64,0.74,9.67,4.87,7.66,3.44,9.7,4.67,8.02,0.03,39.59,0.79,
20110327,27-Mar-2011,0.554,0.412,0.034,5.15,7.64,0.76,9.36,4.95,7.65,3.35,9.68,5.1,8.18,0.03,40.27,0.81,
20110328,28-Mar-2011,0.545,0.421,0.034,5.76,7.64,0.81,9.14,4.95,7.62,3.41,9.6,5.43,7.91,0.03,39.28,0.81,
20110329,29-Mar-2011,0.547,0.388,0.066,6.34,7.62,0.8,9.01,4.98,7.61,3.34,9.58,6.03,7.85,0.03,38.48,0.76,
20110330,30-Mar-2011,0.565,0.404,0.031,5.8,7.63,0.75,9.28,5.06,7.62,3.29,9.58,5.79,7.97,0.03,38.52,0.71,
20110331,31-Mar-2011,0.561,0.404,0.036,6.54,7.63,0.8,8.85,5.31,7.62,3.25,9.61,5.98,7.95,0.03,39.03,0.75,
20110401,01-Apr-2011,0.557,0.402,0.04,8.12,7.61,0.92,8.35,5.46,7.6,3.28,9.57,6.92,7.89,0.03,38.24,0.79,
20110402,02-Apr-2011,0.542,0.439,0.019,9.27,7.62,1.04,8.15,5.57,7.6,3.37,9.54,7.45,7.87,0.03,37.95,0.76,
20110403,03-Apr-2011,0.547,0.411,0.042,9.79,7.57,1.2,7.82,5.74,7.6,3.61,9.51,8.27,7.68,0.03,37.9,0.73,
20110404,04-Apr-2011,0.543,0.421,0.037,6.31,7.59,0.99,9.22,5.63,7.61,3.59,9.49,6.58,8.13,0.03,39.49,0.72,
20110405,05-Apr-2011,0.553,0.425,0.022,6.53,7.59,0.92,9.02,5.67,7.59,3.6,9.45,6.2,7.9,0.03,39.46,0.73,
20110406,06-Apr-2011,0.55,0.45,0,8.49,7.55,0.83,8.28,5.78,7.59,3.39,9.1,7.22,7.97,0.03,39.92,0.76,
20110407,07-Apr-2011,0.555,0.445,0,7.43,7.6,0.94,8.75,5.8,7.6,3.24,9.36,6.89,8.05,0.03,39.17,0.74,
20110408,08-Apr-2011,0.549,0.451,0,8.5,7.56,0.98,8.3,5.81,7.59,3.25,9.39,7.25,7.79,0.03,38.58,0.75,
20110409,09-Apr-2011,0.513,0.487,0,9.28,7.56,1,8.09,5.82,7.57,3.27,9.36,7.73,7.97,0.03,39.83,0.76,
20110410,10-Apr-2011,0.445,0.555,0,8.88,7.53,1.1,8.19,6.03,7.58,3.23,9.36,7.38,7.96,0.03,39.95,0.75,
20110411,11-Apr-2011,0.442,0.558,0,7.61,7.53,1.04,8.81,6.28,7.57,3.21,9.29,6.94,7.9,0.04,39.81,0.74,
20110412,12-Apr-2011,0.486,0.514,0,8.38,7.52,1.07,8.51,6.17,7.56,3.27,9.3,7.28,7.92,0.04,39.43,0.76,
20110413,13-Apr-2011,0.493,0.507,0,7.86,7.52,1.04,8.65,6.14,7.54,3.26,9.26,7.24,7.97,0.04,39.76,0.74,
20110414,14-Apr-2011,0.499,0.501,0,5.82,7.52,1.11,9.27,6.16,7.53,3.29,9.2,6.33,8.08,0.03,39.71,0.75,
20110415,15-Apr-2011,0.507,0.493,0,5.76,7.52,1.12,9.33,6.43,7.57,3.13,9.27,6.27,7.98,0.04,39.96,0.75,
20110416,16-Apr-2011,0.491,0.509,0,6.64,7.37,1.13,8.96,6.36,7.55,3.18,9.18,6.45,7.82,0.04,38.56,0.76,
20110417,17-Apr-2011,0.502,0.498,0,8.25,7.52,1.14,8.37,6.4,7.57,3.28,9.16,7.22,7.93,0.04,38.39,0.74,
20110418,18-Apr-2011,0.497,0.503,0,8.67,7.54,1.25,8.29,6.44,7.55,3.26,9.14,7.56,7.97,0.04,38.62,0.75,
20110419,19-Apr-2011,0.58,0.42,0,8.93,7.51,1.8,8.25,6.46,7.52,3.32,9.09,7.73,7.97,0.04,39.57,0.78,
20110420,20-Apr-2011,0.634,0.366,0,8.36,7.5,1.74,8.6,6.7,7.54,3.17,9.1,8.49,7.96,0.04,38.14,0.76,
20110421,21-Apr-2011,0.502,0.498,0,8.82,7.49,1.46,8.34,6.64,7.53,3.28,9.08,7.77,7.83,0.04,37.34,0.76,
20110422,22-Apr-2011,0.494,0.506,0,9.37,7.49,1.37,8.11,6.76,7.51,3.29,9.05,8.24,8.05,0.04,40.98,0.77,
20110423,23-Apr-2011,0.508,0.492,0,8.16,7.51,1.37,8.6,6.84,7.53,3.25,9.04,7.83,7.83,0.04,39.07,0.77,
20110424,24-Apr-2011,0.507,0.493,0,6.2,7.53,1.29,9.22,6.91,7.52,3.26,9.03,6.81,8.08,0.04,39.67,0.78,
20110425,25-Apr-2011,0.509,0.491,0,6.81,7.52,1.34,8.96,6.9,7.5,3.32,8.96,6.98,8.05,0.04,39.65,0.78,
20110426,26-Apr-2011,0.505,0.495,0,7.44,7.52,1.36,8.65,6.91,7.5,3.36,8.92,7.28,7.87,0.04,39.12,0.73,
20110427,27-Apr-2011,0.507,0.493,0,7.11,7.54,1.44,8.92,6.99,7.53,3.24,8.96,7.08,7.97,0.04,38.86,0.66,
20110428,28-Apr-2011,0.506,0.494,0,7.61,7.53,1.36,8.82,6.98,7.51,3.21,8.94,7.29,7.97,0.04,39.63,0.67,
20110429,29-Apr-2011,0.504,0.496,0,9.58,7.53,1.38,8.08,7.21,7.52,3.21,8.97,8.43,8.1,0.03,40.34,0.67,
20110430,30-Apr-2011,0.55,0.45,0,6.41,7.54,1.36,9.21,7.38,7.54,3.09,8.98,7.67,8.15,0.03,41.37,0.6,
20110501,01-May-2011,0.504,0.496,0,5.97,7.54,1.3,9.39,7.18,7.52,3.21,8.91,6.56,7.86,0.04,39.55,0.65,
20110502,02-May-2011,0.501,0.499,0,5.55,7.52,1.3,9.51,7.12,7.51,3.22,8.88,6.59,7.96,0.03,38.78,0.73,
20110503,03-May-2011,0.5,0.5,0,5.54,7.54,1.31,9.5,7.11,7.5,3.2,8.85,6.49,7.88,0.03,38.55,0.67,
20110504,04-May-2011,0.5,0.5,0,7.19,7.54,1.38,8.97,7.16,7.49,3.2,8.81,6.99,7.99,0.04,39.33,0.67,
20110505,05-May-2011,0.503,0.497,0,9.45,7.52,1.54,8.38,7.27,7.49,3.1,8.81,8.28,7.98,0.03,38.48,0.64,
20110506,06-May-2011,0.47,0.53,0,10.84,7.53,1.48,7.94,7.42,7.49,3.08,8.75,9.01,7.95,0.03,37.89,0.67,
20110507,07-May-2011,0.497,0.503,0,11.81,7.51,1.54,7.71,7.47,7.48,3.1,8.7,9.43,7.93,0.03,38.26,0.68,
20110508,08-May-2011,0.546,0.454,0,12.52,7.47,2.28,7.49,7.54,7.47,3.1,8.68,10.12,7.95,0.03,38.8,0.68,
20110509,09-May-2011,0.42,0.58,0,12.95,7.37,12.66,7.26,7.59,7.43,3.29,8.6,10.11,7.97,0.05,38.78,0.66,
20110510,10-May-2011,0.319,0.681,0,10.13,7.33,10.73,7.96,7.61,7.42,3.29,8.6,8.85,7.98,0.03,39.61,0.69,
20110511,11-May-2011,0.358,0.642,0,9.23,7.28,10.89,8.23,7.68,7.41,3.34,8.55,8.96,7.99,0.04,39.93,0.7,
20110512,12-May-2011,0.433,0.567,0,6.17,7.5,8.81,9.42,7.57,7.41,3.35,8.52,7.92,8,0.04,38.98,0.67,
20110513,13-May-2011,0.417,0.583,0,6.5,7.61,5.51,9.27,7.57,7.4,3.43,8.48,7.64,7.86,0.04,37.35,0.69,
20110514,14-May-2011,0.434,0.566,0,9.42,7.59,4.63,8.28,7.5,7.4,3.62,8.48,8.99,7.86,0.04,36.45,0.64,
20110515,15-May-2011,0.37,0.63,0,7.2,7.61,4.87,9.07,7.47,7.39,3.76,8.45,8.31,7.92,0.05,37.29,0.6,
20110516,16-May-2011,0.339,0.661,0,6.31,7.65,5.04,9.32,7.44,7.37,3.71,8.38,7.81,7.93,0.04,37.62,0.64,
20110517,17-May-2011,0.334,0.666,0,8.99,7.58,5.47,8.14,7.44,7.36,3.67,8.37,8.55,7.99,0.04,37.66,0.67,
20110518,18-May-2011,0.337,0.663,0,8.12,7.5,5.94,8.54,7.5,7.37,3.72,8.33,8.46,7.97,0.04,37.37,0.64,
20110519,19-May-2011,0.321,0.679,0,6.83,7.42,7.42,9.01,7.46,7.39,3.81,8.27,8.06,7.92,0.04,36.51,0.66,
20110520,20-May-2011,0.335,0.665,0,6.2,7.46,6.27,9.19,7.44,7.38,3.82,8.21,7.79,8,0.04,37.17,0.67,
20110521,21-May-2011,0.342,0.658,0,7.41,7.47,5.59,8.63,7.49,7.37,3.76,8.22,8.1,8.09,0.04,37.42,0.66,
20110522,22-May-2011,0.385,0.615,0,9.22,7.5,6.27,8.08,7.56,7.37,3.72,8.22,8.64,7.96,0.05,37.17,0.7,
20110523,23-May-2011,0.397,0.603,0,10.82,7.34,6.64,7.7,7.7,7.35,3.66,8.15,9.51,7.94,0.05,36.88,0.66,
20110524,24-May-2011,0.339,0.661,0,9.82,7.38,8.54,8.02,7.76,7.37,3.53,8.12,9.19,8,0.04,38.11,0.65,
20110525,25-May-2011,0.337,0.663,0,8.01,7.44,10.26,8.7,7.8,7.37,3.53,8.1,8.61,7.95,0.05,37.42,0.69,
20110526,26-May-2011,0.243,0.757,0,9.1,7.42,7.67,8.06,7.85,7.37,3.53,8.09,8.64,7.91,0.04,37.88,0.73,
20110527,27-May-2011,0.2,0.8,0,9.02,7.4,8,8.19,7.87,7.34,3.58,8.07,8.67,8.14,0.03,40.78,0.81,
20110528,28-May-2011,0.297,0.703,0,9.35,7.38,9.08,8.17,7.88,7.32,3.61,8.03,8.86,8.03,0.04,40,0.71,
20110529,29-May-2011,0.298,0.702,0,7.96,7.4,7.64,8.62,7.88,7.31,3.68,7.98,8.58,7.98,0.04,39.52,0.64,
20110530,30-May-2011,0.311,0.689,0,9.31,7.32,11.53,7.85,7.94,7.3,3.67,7.96,8.74,7.95,0.04,38.78,0.68,
20110531,31-May-2011,0.236,0.764,0,8.69,7.3,13.76,8.49,8.03,7.38,3.67,7.97,8.83,7.99,0.05,38.53,0.74,
20110601,01-Jun-2011,0.162,0.838,0,8.75,7.46,9.12,8.33,8.12,7.51,3.71,7.96,8.61,7.96,0.03,39.84,0.78,
20110602,02-Jun-2011,0.185,0.815,0,9.27,7.26,10.16,8.2,8.18,7.51,3.71,7.92,8.76,8.04,0.03,40.04,0.77,
20110603,03-Jun-2011,0.147,0.853,0,9.36,7.09,15.84,8.08,8.21,7.5,3.78,7.88,8.76,8.02,0.03,40.64,0.77,
20110604,04-Jun-2011,0.109,0.891,0,8.74,7.03,13.73,8.43,8.25,7.51,3.8,7.84,8.61,7.95,0.03,40.6,0.76,
20110605,05-Jun-2011,0.111,0.889,0,8.99,7.04,9.78,8.35,8.31,7.51,3.82,7.8,8.63,8,0.03,39.99,0.77,
20110606,06-Jun-2011,0.135,0.865,0,8.84,7.02,20.04,8.65,8.73,7.49,3.76,7.78,8.67,8.02,0.03,39.83,0.73,
20110607,07-Jun-2011,0.138,0.862,0,8.74,7.04,17.58,8.55,9.81,7.47,3.64,7.73,8.62,8.07,0.03,41.91,0.68,
20110608,08-Jun-2011,0.133,0.867,0,8.53,7.04,17.44,8.7,8.19,7.45,4.19,7.73,8.66,7.98,0.03,41.26,0.76,
20110609,09-Jun-2011,0.159,0.841,0,8.37,7.06,23.59,8.68,8.17,7.45,4.24,7.65,8.63,7.96,0.03,38.96,0.71,
20110610,10-Jun-2011,0.232,0.768,0,8.14,7.06,13.49,8.91,8.12,7.45,4.12,7.63,8.67,7.88,0.03,38.22,0.7,
20110611,11-Jun-2011,0.251,0.749,0,8.37,7.12,12.23,8.75,8.14,7.44,4.1,7.59,8.7,7.97,0.03,39.58,0.73,
20110612,12-Jun-2011,0.277,0.723,0,8.05,7.29,14.88,8.96,8.2,7.43,4.07,7.57,8.72,7.92,0.03,39.84,0.74,
20110613,13-Jun-2011,0.269,0.731,0,8.39,7.35,15,8.9,8.24,7.42,4.06,7.54,8.74,8.04,0.03,39.24,0.74,
20110614,14-Jun-2011,0.261,0.739,0,8.28,7.35,10.52,8.98,8.29,7.41,4.01,7.55,8.55,7.95,0.03,37.17,0.71,
20110615,15-Jun-2011,0.244,0.756,0,8.86,7.31,10.97,8.78,8.31,7.43,4.02,7.52,8.59,8.06,0.03,38.29,0.69,
20110616,16-Jun-2011,0.231,0.769,0,9.37,7.3,11.55,8.54,8.36,7.43,4.01,7.52,8.69,7.84,0.03,38.23,0.69,
20110617,17-Jun-2011,0.234,0.766,0,9.21,7.26,10.41,8.49,8.37,7.43,4,7.49,8.74,8,0.03,39.25,0.71,
20110618,18-Jun-2011,0.23,0.77,0,8.73,7.27,11.23,8.75,8.35,7.42,4,7.45,8.66,7.95,0.03,38.49,0.72,
20110619,19-Jun-2011,0.256,0.744,0,8.7,7.3,9.29,8.68,8.37,7.41,4.01,7.42,8.66,7.94,0.03,39.17,0.71,
20110620,20-Jun-2011,0.229,0.771,0,8.54,7.33,8,8.71,8.35,7.4,4.06,7.37,9.29,7.9,0.03,38.62,0.7,
20110621,21-Jun-2011,0.233,0.767,0,8.69,7.32,5.72,8.7,8.49,7.41,3.95,7.46,9.81,7.9,0.03,38.78,0.66,
20110622,22-Jun-2011,0.258,0.742,0,9.04,7.31,10.36,8.64,8.54,7.41,3.92,7.42,9.94,7.99,0.03,40.09,0.74,
20110623,23-Jun-2011,0.297,0.703,0,9.89,7.33,15.78,8.53,8.61,7.39,3.85,7.41,9.65,7.96,0.03,39.26,0.72,
20110624,24-Jun-2011,0.33,0.67,0,9.65,7.33,9.28,8.59,8.6,7.38,3.85,7.35,9.26,7.83,0.03,37.97,0.72,
20110625,25-Jun-2011,0.316,0.684,0,9.89,7.31,12.82,8.56,8.57,7.36,3.97,7.3,9.34,7.96,0.03,38.68,0.71,
20110626,26-Jun-2011,0.287,0.713,0,9.99,7.14,13.31,8.49,8.59,7.34,3.92,7.27,9.33,7.9,0.03,39.93,0.7,
20110627,27-Jun-2011,0.312,0.688,0,10.18,7.29,13.88,8.46,8.62,7.34,3.89,7.23,9.4,7.9,0.03,41.01,0.74,
20110628,28-Jun-2011,0.307,0.693,0,10.19,7.32,11.63,8.57,8.65,7.34,3.87,7.21,9.44,7.95,0.03,38.95,0.73,
20110629,29-Jun-2011,0.318,0.682,0,10.52,7.31,13.14,8.47,8.68,7.33,3.84,7.18,9.57,7.99,0.03,38.99,0.7,
20110630,30-Jun-2011,0.287,0.713,0,10.43,7.28,17.04,8.4,8.7,7.33,3.84,7.13,9.51,7.91,0.03,39.1,0.68,
20110701,01-Jul-2011,0.325,0.675,0,10.03,7.25,24.62,8.49,8.72,7.33,3.73,7.12,9.53,8.04,0.03,39.51,0.67,
20110702,02-Jul-2011,0.353,0.647,0,10.59,7.26,33.72,8.43,8.79,7.33,3.71,7.08,9.71,8.09,0.03,37.46,0.69,
20110703,03-Jul-2011,0.394,0.606,0,11.05,7.26,18.55,8.15,8.77,7.32,3.74,7,9.88,7.93,0.03,39.11,0.68,
20110704,04-Jul-2011,0.363,0.637,0,10.78,7.29,21.47,8.42,8.79,7.35,3.68,6.98,9.81,7.83,0.03,37.08,0.74,
20110705,05-Jul-2011,0.358,0.642,0,10.92,7.18,12.44,8.26,8.83,7.35,3.65,6.94,9.84,7.91,0.03,36.96,0.71,
20110706,06-Jul-2011,0.35,0.65,0,11.03,7.21,9.74,8.24,8.86,7.33,3.54,6.96,9.9,7.97,0.03,36.91,0.69,
20110707,07-Jul-2011,0.421,0.579,0,11.68,7.19,8.3,7.99,8.85,7.33,3.5,6.91,10.44,8.37,0.03,37.3,0.7,
20110708,08-Jul-2011,0.448,0.552,0,11.72,7.19,11.1,7.93,8.83,7.33,3.5,6.86,10.56,7.82,0.03,37.26,0.69,
20110709,09-Jul-2011,0.349,0.651,0,11.42,7.18,17.74,8.02,8.85,7.32,3.53,6.81,10.17,7.86,0.03,36.94,0.71,
20110710,10-Jul-2011,0.366,0.634,0,11.29,7.19,17.06,8.09,8.88,7.32,3.48,6.8,10.15,8.07,0.03,37.46,0.75,
20110711,11-Jul-2011,0.38,0.62,0,11.35,7.22,14.5,8.1,8.91,7.31,3.47,6.77,10.18,7.97,0.03,36.96,0.78,
20110712,12-Jul-2011,0.332,0.668,0,11.3,7.27,11.94,8.38,8.93,7.31,3.44,6.75,10.15,7.86,0.03,37.26,0.72,
20110713,13-Jul-2011,0.398,0.602,0,11.61,7.33,11.07,8.06,9.02,7.3,3.45,6.71,10.24,8.09,0.03,37.98,0.72,
20110714,14-Jul-2011,0.478,0.522,0,12.46,7.4,9.09,7.76,9.01,7.29,3.48,6.65,11.18,8.07,0.03,39.96,0.71,
20110715,15-Jul-2011,0.143,0.857,0,12.56,7.39,5.14,7.47,8.98,7.29,3.46,6.65,10.1,7.82,0.03,38.94,0.75,
20110716,16-Jul-2011,0.049,0.951,0,12.63,7.36,4.03,7.39,9.03,7.29,3.46,6.62,9.43,7.96,0.03,41.66,0.76,
20110717,17-Jul-2011,0,1,0,,,,,9.01,7.28,3.48,6.55,9.28,8.07,0.02,43.81,0.74,
20110718,18-Jul-2011,0.21,0.79,0,13.86,7.32,3.9,6.46,9.61,7.32,3.55,6.52,9.52,8,0.03,40.19,0.77,
20110719,19-Jul-2011,0.293,0.707,0,14.26,7.32,6.85,7.19,9.57,7.27,3.49,6.44,10.59,8.11,0.03,39.89,0.7,
20110720,20-Jul-2011,0.29,0.71,0,14.31,7.34,6.46,7.36,9.7,7.27,3.54,6.36,10.68,7.75,0.03,39.08,0.71,
20110721,21-Jul-2011,0.286,0.714,0,14.21,7.39,4.17,7.37,9.69,7.28,3.49,6.37,10.7,8.07,0.03,38.33,0.73,
20110722,22-Jul-2011,0.3,0.7,0,14.05,7.39,3.22,7.42,9.69,7.27,3.43,6.37,10.67,7.99,0.02,38.44,0.74,
20110723,23-Jul-2011,0.276,0.724,0,14.42,7.44,2.82,7.3,9.74,7.27,3.47,6.32,10.66,7.91,0.03,39.48,0.75,
20110724,24-Jul-2011,0.279,0.721,0,14.8,7.45,2.63,7.24,9.82,7.27,3.4,6.34,10.82,7.86,0.02,38.77,0.73,
20110725,25-Jul-2011,0.267,0.733,0,15.27,7.46,2.12,7.03,9.88,7.28,3.38,6.46,10.97,7.91,0.03,38.59,0.74,
20110726,26-Jul-2011,0.277,0.723,0,15.49,7.45,2.3,6.91,9.87,7.25,3.41,6.26,11.08,7.92,0.02,37.97,0.72,
20110727,27-Jul-2011,0.318,0.682,0,14.41,7.47,2.26,7.28,9.8,7.25,3.39,6.79,10.94,7.9,0.03,37.07,0.71,
20110728,28-Jul-2011,0.386,0.584,0.03,14.38,7.47,2.18,7.29,9.77,7.25,3.37,7.02,11.39,8.02,0.03,38.91,0.71,
20110729,29-Jul-2011,0.427,0.573,0,14.65,7.47,2.11,7.28,9.8,7.25,3.35,7.01,11.57,7.96,0.03,38.57,0.72,
20110730,30-Jul-2011,0.413,0.587,0,15.13,7.47,2.01,7.19,9.88,7.24,3.37,6.95,11.77,7.85,0.03,38.88,0.74,
20110731,31-Jul-2011,0.418,0.582,0,15.52,7.48,1.88,7.09,9.95,7.24,3.31,6.97,11.92,7.87,0.03,38.84,0.76,
20110801,01-Aug-2011,0.389,0.589,0.022,15.57,7.51,1.93,7.06,9.98,7.23,3.33,6.91,11.94,7.82,0.03,39.12,0.74,
20110802,02-Aug-2011,0.444,0.524,0.033,15.26,7.49,2.22,7.15,9.33,7.24,3.36,6.9,12.41,7.96,0.03,39.14,0.67,
20110803,03-Aug-2011,0.497,0.472,0.031,15.35,7.48,1.98,7.09,9.34,7.23,3.26,6.85,12.98,7.92,0.03,39.43,0.74,
20110804,04-Aug-2011,0.452,0.511,0.037,15.17,7.48,2.01,7.13,9.43,7.31,3.17,6.86,12.83,7.75,0.03,36.05,0.73,
20110805,05-Aug-2011,0.471,0.499,0.03,15.44,7.49,1.84,7.02,9.33,7.35,3.08,6.82,12.75,7.9,0.03,37.82,0.74,
20110806,06-Aug-2011,0.474,0.503,0.023,15.54,7.53,1.69,7.04,9.34,7.35,2.98,6.84,12.85,7.94,0.02,39.81,0.72,
20110807,07-Aug-2011,0.498,0.475,0.027,15.35,7.52,1.67,7.11,9.37,7.35,2.93,6.79,12.93,7.83,0.03,39.8,0.7,
20110808,08-Aug-2011,0.499,0.475,0.026,15.11,7.55,1.52,7.18,9.41,7.35,2.87,6.79,12.85,7.85,0.03,39.75,0.71,
20110809,09-Aug-2011,0.472,0.495,0.033,14.6,7.58,1.45,7.28,9.4,7.35,2.82,6.73,12.57,7.86,0.03,38.84,0.76,
20110810,10-Aug-2011,0.512,0.457,0.03,15.54,7.58,1.49,6.99,10.06,7.34,2.76,6.69,13.13,7.88,0.03,38.73,0.74,
20110811,11-Aug-2011,0.551,0.424,0.025,15.34,7.57,1.35,7.1,10.36,7.31,2.7,6.65,13.39,8.06,0.02,40.03,0.71,
20110812,12-Aug-2011,0.554,0.41,0.036,15.12,7.56,1.25,7.18,10.39,7.3,2.72,6.58,13.28,8.05,0.03,39.32,0.71,
20110813,13-Aug-2011,0.555,0.411,0.034,15.09,7.55,1.21,7.2,10.43,7.31,2.6,6.64,13.32,7.91,0.03,36.42,0.75,
20110814,14-Aug-2011,0.514,0.454,0.031,15.99,7.53,1.16,6.91,10.49,7.3,2.59,6.6,13.7,7.89,0.03,37.05,0.73,
20110815,15-Aug-2011,0.571,0.394,0.035,14.9,7.54,1.17,7.18,10.46,7.29,2.56,6.54,13.16,7.92,0.03,37.18,0.72,
20110816,16-Aug-2011,0.502,0.467,0.031,16,7.58,1.42,6.88,10.49,7.28,2.59,6.5,13.85,7.77,0.03,37.95,0.73,
20110817,17-Aug-2011,0.518,0.46,0.022,15.1,7.6,1.48,7.21,10.4,7.28,2.56,6.45,13.05,7.83,0.02,37.59,0.73,
20110818,18-Aug-2011,0.495,0.478,0.027,15.53,7.61,1.48,7.06,10.52,7.27,2.59,6.37,13.19,7.91,0.02,37.53,0.74,
20110819,19-Aug-2011,0.549,0.418,0.034,15.25,7.6,1.49,7.1,10.45,7.26,2.61,6.32,13.49,7.94,0.02,37.32,0.73,
20110820,20-Aug-2011,0.567,0.409,0.024,14.74,7.58,1.66,7.29,10.23,7.27,2.61,6.28,13.18,7.94,0.03,38.83,0.75,
20110821,21-Aug-2011,0.509,0.466,0.025,16.22,7.58,1.56,6.95,10.26,7.26,2.62,6.21,13.8,7.86,0.03,39.82,0.72,
20110822,22-Aug-2011,0.503,0.472,0.025,15.87,7.59,1.47,7.02,10.31,7.26,2.62,6.17,13.51,8.02,0.03,39.56,0.71,
20110823,23-Aug-2011,0.492,0.482,0.026,16.35,7.61,1.47,6.89,10.3,7.25,2.64,6.08,13.57,7.88,0.03,38.56,0.72,
20110824,24-Aug-2011,0.496,0.479,0.025,16.74,7.61,1.45,6.81,10.34,7.25,2.67,6,13.88,7.86,0.03,38.07,0.72,
20110825,25-Aug-2011,0.493,0.493,0.014,16.43,7.43,1.36,6.89,10.36,7.24,2.66,5.97,13.68,7.75,0.03,38.14,0.73,
20110826,26-Aug-2011,0.468,0.531,0.001,16.29,7.24,1.37,6.93,10.4,7.24,2.69,5.91,13.29,7.82,0.03,37.8,0.74,
20110827,27-Aug-2011,0.484,0.488,0.028,16.3,7.26,1.35,6.91,10.39,7.24,2.69,5.89,13.51,7.79,0.03,37.08,0.73,
20110828,28-Aug-2011,0.526,0.444,0.03,16.14,7.25,1.32,6.85,10.42,7.23,2.71,5.79,13.81,7.69,0.03,37.51,0.73,
20110829,29-Aug-2011,0.622,0.369,0.009,16.1,7.25,1.44,6.86,10.42,7.25,2.7,5.77,14.32,7.73,0.03,36.86,0.74,
20110830,30-Aug-2011,0.558,0.442,0,16.04,7.25,1.55,6.9,10.42,7.29,2.75,5.7,13.81,7.83,0.03,37.73,0.74,
20110831,31-Aug-2011,0.554,0.446,0,16.44,7.24,1.4,6.77,10.46,7.27,2.75,5.65,13.88,7.85,0.03,37.86,0.73,
20110901,01-Sep-2011,0.51,0.49,0,16.6,7.24,1.37,6.77,10.55,7.26,2.78,5.62,13.8,7.81,0.03,37.84,0.73,
20110902,02-Sep-2011,0.528,0.472,0,16.43,7.26,1.38,6.84,10.56,7.26,2.78,5.57,13.76,7.77,0.03,38.28,0.72,
20110903,03-Sep-2011,0.623,0.377,0,15.32,7.26,1.31,7.11,10,7.27,2.98,5.55,13.9,7.88,0.03,37.51,0.71,
20110904,04-Sep-2011,0.631,0.369,0,13.86,7.3,1.25,7.48,9.97,7.27,2.78,5.58,13.13,7.88,0.02,38.68,0.75,
20110905,05-Sep-2011,0.611,0.389,0,13.59,7.33,1.21,7.48,9.96,7.24,2.81,5.5,12.9,7.89,0.03,39.33,0.75,
20110906,06-Sep-2011,0.533,0.467,0,13.48,7.31,1.28,7.43,9.98,7.25,2.81,5.45,12.37,7.84,0.03,39.27,0.72,
20110907,07-Sep-2011,0.719,0.281,0,12.8,7.27,2.64,7.64,9.94,7.25,2.77,5.37,12.88,7.87,0.03,36.91,0.67,
20110908,08-Sep-2011,0.693,0.307,0,13.01,7.28,2.65,7.63,9.87,7.25,2.83,5.28,12.52,7.95,0.03,38.37,0.7,
20110909,09-Sep-2011,0.823,0.177,0,13.35,7.28,2.11,7.56,9.91,7.25,2.86,5.2,13.43,7.86,0.03,36.65,0.71,
20110910,10-Sep-2011,0.574,0.426,0,13.47,7.27,1.77,7.51,9.91,7.25,2.95,5.16,12.63,7.75,0.03,39.13,0.73,
20110911,11-Sep-2011,0.665,0.335,0,13.57,7.2,1.48,7.48,9.94,7.25,2.98,5.12,13.02,7.71,0.03,37.94,0.73,
20110912,12-Sep-2011,0.61,0.39,0,13.41,7.29,1.4,7.51,10.12,7.2,2.97,5.05,12.67,7.79,0.03,39.29,0.73,
20110913,13-Sep-2011,0.614,0.386,0,14.1,7.36,1.46,7.31,10.22,7.17,2.96,5.01,12.94,7.76,0.03,39.36,0.71,
20110914,14-Sep-2011,0.756,0.244,0,13.15,7.34,1.47,7.49,10.19,7.17,3.03,4.91,13.46,7.91,0.03,38.31,0.7,
20110915,15-Sep-2011,0.747,0.253,0,11.38,7.33,1.42,7.84,10.13,7.17,2.95,4.88,12.23,7.85,0.03,36.42,0.72,
20110916,16-Sep-2011,0.663,0.337,0,11.31,7.34,1.45,7.84,10.06,7.18,2.91,4.84,11.59,7.8,0.03,37.21,0.74,
20110917,17-Sep-2011,0.71,0.29,0,12.05,7.33,1.54,7.65,10.07,7.18,2.84,4.8,12.14,8.01,0.03,38.56,0.7,
20110918,18-Sep-2011,0.755,0.245,0,10.99,7.34,1.98,8.05,10.04,7.18,2.81,4.7,11.5,7.86,0.03,38.75,0.7,
20110919,19-Sep-2011,0.765,0.235,0,11.88,7.3,1.95,7.83,10.13,7.18,2.76,4.69,12.06,7.92,0.03,38.6,0.74,
20110920,20-Sep-2011,0.634,0.363,0.003,11.94,7.32,1.82,7.79,10.13,7.18,2.79,4.65,11.99,7.94,0.03,37.8,0.74,
20110921,21-Sep-2011,0.817,0.183,0,11.24,7.33,1.73,8.02,10.14,7.18,2.73,4.62,11.87,7.85,0.03,36.02,0.71,
20110922,22-Sep-2011,0.738,0.262,0,10.39,7.33,1.76,8.23,10.11,7.17,2.78,4.55,11.39,7.95,0.03,38.21,0.75,
20110923,23-Sep-2011,0.719,0.281,0,11.39,7.32,1.64,8.01,10.17,7.17,2.8,4.53,11.43,7.98,0.03,39.76,0.76,
20110924,24-Sep-2011,0.559,0.441,0,12.65,7.33,1.43,7.65,10.22,7.17,2.94,4.48,12.13,7.8,0.03,40.8,0.75,
20110925,25-Sep-2011,0.61,0.39,0,13.31,7.32,1.51,7.45,10.27,7.17,3.02,4.4,12.48,7.91,0.03,41.07,0.72,
20110926,26-Sep-2011,0.721,0.279,0,13.62,7.34,1.38,7.38,10.33,7.16,3.11,4.34,13.11,7.93,0.03,40.52,0.73,
20110927,27-Sep-2011,0.615,0.385,0,13.52,7.33,1.4,7.45,10.35,7.16,3.25,4.31,13.14,7.86,0.03,40.79,0.74,
20110928,28-Sep-2011,0.642,0.357,0.001,13.35,7.35,1.21,7.52,10.39,7.16,3.18,4.29,12.63,7.97,0.03,40.4,0.72,
20110929,29-Sep-2011,0.718,0.282,0,13.22,7.35,1.05,7.6,10.39,7.16,3.25,4.21,13.22,7.94,0.03,37.74,0.74,
20110930,30-Sep-2011,0.735,0.265,0,11.85,7.39,1.05,7.92,10.36,7.17,3.19,4.19,12.22,7.9,0.03,37.94,0.76,
20111001,01-Oct-2011,0.721,0.279,0,12.34,7.4,1.04,7.77,10.19,7.17,3.26,4.14,12.36,7.98,0.03,38.46,0.74,
20111002,02-Oct-2011,0.75,0.25,0,12.3,7.39,1.95,7.73,10.22,7.16,3.18,4.07,12.59,7.83,0.03,38.81,0.72,
20111003,03-Oct-2011,0.808,0.192,0,12.14,7.31,1.96,7.79,10.18,7.16,3.06,4.04,12.45,8.02,0.03,38.14,0.72,
20111004,04-Oct-2011,0.655,0.345,0,12.24,7.38,1.54,7.72,10.19,7.16,3.07,4.03,12.29,7.88,0.03,39.22,0.71,
20111005,05-Oct-2011,0.687,0.313,0,12.12,7.24,1.45,7.68,10.17,7.22,3.09,3.97,12.11,7.96,0.03,39.85,0.72,
20111006,06-Oct-2011,0.722,0.278,0,11.7,7.43,1.41,7.67,10.18,7.28,2.97,3.92,12.21,7.91,0.03,38.54,0.73,
20111007,07-Oct-2011,0.78,0.22,0,8.83,7.42,1.32,8.52,10.22,7.29,2.83,3.92,10.38,7.95,0.03,38.23,0.74,
20111008,08-Oct-2011,0.684,0.316,0,7.94,7.37,1.11,8.81,10.24,7.31,2.8,3.88,9.66,7.95,0.03,39.43,0.75,
20111009,09-Oct-2011,0.506,0.494,0,7.47,7.37,1.02,9.21,10.21,7.31,2.78,3.82,9.66,8.14,0.03,41.82,0.72,
20111010,10-Oct-2011,0.541,0.459,0,7.74,7.4,1.01,8.99,10.19,7.32,2.76,3.78,9.71,7.91,0.03,40.44,0.7,
20111011,11-Oct-2011,0.641,0.359,0,8.03,7.43,1.08,8.73,10.2,7.31,2.75,3.73,9.45,8,0.03,39.06,0.74,
20111012,12-Oct-2011,0.671,0.329,0,8.54,7.42,1.08,8.59,10.26,7.32,2.75,3.69,9.94,7.9,0.03,38.96,0.76,
20111013,13-Oct-2011,0.684,0.316,0,7.94,7.41,1.13,8.84,10.27,7.31,2.79,3.61,9.44,7.99,0.03,38.09,0.77,
20111014,14-Oct-2011,0.699,0.301,0,8.35,7.4,1.09,8.67,10.27,7.3,2.82,3.52,9.79,7.85,0.03,37.87,0.74,
20111015,15-Oct-2011,0.628,0.372,0,8.68,7.41,1.1,8.58,10.27,7.3,2.83,3.49,9.96,7.6,0.03,37.71,0.73,
20111016,16-Oct-2011,0.626,0.374,0,9.27,7.4,1.14,8.39,10.31,7.3,2.85,3.47,10.38,7.56,0.03,38.3,0.71,
20111017,17-Oct-2011,0.728,0.272,0,9.15,7.42,1.16,8.41,10.38,7.3,2.9,3.45,10.3,7.97,0.03,38.68,0.7,
20111018,18-Oct-2011,0.738,0.262,0,8.18,7.39,1.12,8.84,10.48,7.3,2.88,3.46,9.89,8,0.03,37.99,0.75,
20111019,19-Oct-2011,0.727,0.273,0,6.58,7.4,1.03,9.36,10.53,7.3,2.91,3.44,8.85,7.99,0.03,37.84,0.75,
20111020,20-Oct-2011,0.74,0.26,0,6.19,7.24,1.04,9.35,10.52,7.29,3.01,3.36,8.02,7.9,0.03,38.74,0.75,
20111021,21-Oct-2011,0.74,0.26,0,6.76,7.35,1.07,9.19,10.53,7.29,3.07,3.27,8.61,8.02,0.03,39.5,0.71,
20111022,22-Oct-2011,0.711,0.289,0,7.24,7.41,1.07,9.03,10.53,7.3,3.08,3.22,8.93,8.03,0.03,39.9,0.74,
20111023,23-Oct-2011,0.689,0.311,0,7.22,7.4,1.16,9.05,10.53,7.3,3.12,3.17,9.13,8.04,0.03,39.89,0.74,
20111024,24-Oct-2011,0.752,0.248,0,7.08,7.42,1.1,9.08,10.53,7.3,3.2,3.1,8.82,7.95,0.03,39.21,0.75,
20111025,25-Oct-2011,0.737,0.263,0,7.39,7.4,1.11,8.87,10.52,7.27,3.3,3,9.04,8,0.03,39.47,0.74,
20111026,26-Oct-2011,0.725,0.275,0,5.3,7.38,1.14,9.76,10.47,7.25,3.36,2.94,8.48,8.03,0.03,39.14,0.71,
20111027,27-Oct-2011,0.745,0.255,0,2.35,7.37,1.36,10.74,10.4,7.26,3.37,2.93,5.78,8.11,0.03,38.94,0.76,
20111028,28-Oct-2011,0.75,0.25,0,2.11,7.34,1.44,10.71,10.39,7.25,3.36,2.9,5.05,7.99,0.03,38.56,0.74,
20111029,29-Oct-2011,0.741,0.259,0,2.25,7.39,1.47,10.63,10.36,7.24,3.43,2.76,5.12,7.96,0.03,38.68,0.72,
20111030,30-Oct-2011,0.752,0.248,0,3.14,7.24,1.34,10.3,10.38,7.25,3.32,2.72,5.73,7.98,0.03,38.72,0.71,
20111031,31-Oct-2011,0.74,0.26,0,3.69,7.37,1.27,10.06,10.36,7.21,3.34,2.64,5.99,7.97,0.03,38.91,0.71,
20111101,01-Nov-2011,0.738,0.262,0,4.6,7.45,1.19,9.7,10.39,7.19,3.29,3,6.91,7.93,0.03,38.66,0.76,
20111102,02-Nov-2011,0.751,0.249,0,2.68,7.54,1.36,10.57,10.35,7.21,3.33,3.21,5.86,8,0.03,37.47,0.74,
20111103,03-Nov-2011,0.737,0.263,0,1.71,7.69,1.22,10.91,10.43,7.22,3.24,3.77,5.12,7.86,0.03,37.44,0.73,
20111104,04-Nov-2011,0.774,0.226,0,1.34,7.75,1.08,10.82,10.65,7.3,3.08,5.09,4.31,7.97,0.03,37.45,0.73,
20111105,05-Nov-2011,0.741,0.259,0,1.86,7.78,1.05,10.46,10.88,7.47,2.95,6.89,4.95,8.08,0.03,37.65,0.74,
20111106,06-Nov-2011,0.605,0.395,0,2.33,7.73,1.06,11.02,10.91,7.61,2.81,7.78,6.67,8.04,0.03,38.23,0.73,
20111107,07-Nov-2011,0.71,0.29,0,1.5,7.75,0.89,11.04,10.77,7.69,2.66,8.11,5.29,8.09,0.03,38.93,0.72,
20111108,08-Nov-2011,0.665,0.335,0,1.59,7.75,0.91,10.8,10.58,7.69,2.75,8.08,5.25,7.96,0.03,39.24,0.68,
20111109,09-Nov-2011,0.397,0.603,0,2.01,7.73,0.78,10.86,10.46,7.72,2.74,8.15,7.55,7.97,0.03,39.62,0.7,
20111110,10-Nov-2011,0.254,0.746,0,2.59,7.68,0.76,10.95,10.39,7.74,2.56,8.25,9.31,8,0.03,39.47,0.72,
20111111,11-Nov-2011,0.4,0.6,0,3.26,7.75,0.76,10.52,10.18,7.73,2.63,8.28,9.47,7.8,0.03,38.18,0.69,
20111112,12-Nov-2011,0.592,0.408,0,1.87,7.86,0.83,10.69,9.99,7.72,2.61,8.3,6.28,7.91,0.03,37.61,0.69,
20111113,13-Nov-2011,0.529,0.471,0,2.64,7.83,0.94,10.18,10.06,7.75,2.45,8.43,6.79,8.02,0.03,38.32,0.76,
20111114,14-Nov-2011,0.453,0.547,0,2.94,7.77,0.88,10.15,9.92,7.81,2.42,8.63,7.24,7.95,0.03,38.24,0.72,
20111115,15-Nov-2011,0.395,0.605,0,2.27,7.75,0.82,10.57,9.71,7.59,2.49,8.67,7.62,7.9,0.03,37.84,0.73,
20111116,16-Nov-2011,0.431,0.569,0,1.94,7.73,0.83,10.82,9.44,7.5,2.54,8.79,7.02,7.94,0.03,38.54,0.75,
20111117,17-Nov-2011,0.382,0.618,0,1.56,7.76,0.77,11.06,9.18,7.54,2.46,8.9,7.07,7.98,0.03,38.45,0.71,
20111118,18-Nov-2011,0.414,0.586,0,1.49,7.82,0.81,10.88,9.05,7.55,2.44,8.94,6.66,7.99,0.03,37.74,0.69,
20111119,19-Nov-2011,0.394,0.606,0,1.83,7.79,0.84,10.65,9.05,7.57,2.44,8.99,7,8.16,0.03,38.2,0.75,
20111120,20-Nov-2011,0.373,0.627,0,2.22,7.76,0.86,10.64,8.9,7.6,2.47,9.09,7.08,8,0.03,39.02,0.75,
20111121,21-Nov-2011,0.417,0.583,0,2.13,7.74,0.75,10.87,8.57,7.59,2.52,9.17,6.98,8.05,0.03,39.4,0.77,
20111122,22-Nov-2011,0.487,0.513,0,1.49,7.75,0.78,10.97,8.36,7.61,2.63,9.17,5.86,8.1,0.03,38.61,0.78,
20111123,23-Nov-2011,0.462,0.538,0,1.38,7.6,0.76,11.02,8.26,7.62,2.59,9.17,5.92,8.04,0.03,39.74,0.71,
20111124,24-Nov-2011,0.386,0.614,0,1.9,7.56,0.71,10.83,8.18,7.64,2.56,9.19,6.32,8,0.03,39.89,0.75,
20111125,25-Nov-2011,0.507,0.493,0,2.07,7.49,0.72,10.71,8.18,7.64,2.49,9.21,6.23,7.89,0.03,40.3,0.74,
20111126,26-Nov-2011,0.392,0.608,0,2.94,7.37,0.65,10.34,8.14,7.74,2.45,9.46,6.98,7.94,0.03,40.1,0.79,
20111127,27-Nov-2011,0.496,0.504,0,1.88,7.39,0.68,11.36,7.82,7.76,2.56,9.58,5.99,7.66,0.03,39.57,0.76,
20111128,28-Nov-2011,0.463,0.537,0,1.73,7.6,0.68,11.23,7.71,7.71,2.62,9.54,5.52,7.98,0.03,39.27,0.73,
20111129,29-Nov-2011,0.437,0.563,0,1.89,7.57,0.73,10.98,7.66,7.7,2.65,9.57,5.77,7.95,0.03,38.66,0.72,
20111130,30-Nov-2011,0.513,0.487,0,1.84,7.56,0.69,11.02,7.64,7.7,2.54,9.54,5.47,7.95,0.03,39.39,0.73,
20111201,01-Dec-2011,0.577,0.423,0,2.02,7.49,0.78,10.83,7.59,7.72,2.41,9.6,5.03,7.95,0.03,39.36,0.8,
20111202,02-Dec-2011,0.519,0.481,0,1.48,7.53,0.81,11.22,7.34,7.74,2.41,9.68,4.85,7.99,0.03,39.23,0.76,
20111203,03-Dec-2011,0.456,0.544,0,1.45,7.56,0.74,11.01,7.18,7.76,2.33,9.75,5.13,7.91,0.03,39.07,0.7,
20111204,04-Dec-2011,0.544,0.456,0,1.41,7.57,0.73,11.1,6.99,7.77,2.3,9.79,4.7,7.85,0.03,39.38,0.72,
20111205,05-Dec-2011,0.514,0.486,0,1.34,7.56,0.95,11.19,6.8,7.77,2.29,9.86,4.49,8.04,0.03,39.88,0.73,
20111206,06-Dec-2011,0.464,0.536,0,1.31,7.48,0.91,11.19,6.52,7.8,2.33,9.94,4.77,7.96,0.03,39.69,0.67,
20111207,07-Dec-2011,0.444,0.556,0,1.36,7.58,1.08,11.06,6.28,7.84,2.37,10.03,4.69,7.98,0.03,39.34,0.74,
20111208,08-Dec-2011,0.44,0.56,0,1.34,7.58,0.84,11.08,6.23,7.86,2.23,10.09,4.71,7.96,0.03,38.21,0.74,
20111209,09-Dec-2011,0.505,0.495,0,1.3,7.56,0.69,11.08,6.18,7.89,2.17,10.08,4.36,7.98,0.03,38.58,0.71,
20111210,10-Dec-2011,0.431,0.569,0,1.31,7.57,0.64,11.17,6.06,7.89,2.21,10.11,4.59,8.1,0.03,39.13,0.75,
20111211,11-Dec-2011,0.433,0.567,0,1.32,7.58,0.63,11.1,5.98,7.9,2.24,10.18,4.62,8.11,0.03,39.16,0.73,
20111212,12-Dec-2011,0.513,0.487,0,1.3,7.48,0.62,11.02,5.91,7.6,2.18,10.24,4.23,7.95,0.03,39.66,0.67,
20111213,13-Dec-2011,0.53,0.47,0,1.26,7.55,0.62,11.05,5.82,7.59,2.16,9.61,4.06,7.82,0.03,37.76,0.68,
20111214,14-Dec-2011,0.508,0.492,0,1.26,7.56,0.63,10.98,5.71,7.61,2.18,9.35,4.02,8.09,0.03,39.98,0.69,
20111215,15-Dec-2011,0.467,0.533,0,1.25,7.54,0.62,11.02,5.65,7.65,2.21,9.4,4.23,8.07,0.03,39.74,0.72,
20111216,16-Dec-2011,0.473,0.527,0,1.23,7.52,0.67,11.12,5.59,7.68,2.1,9.46,4.15,8.13,0.03,39.24,0.73,
20111217,17-Dec-2011,0.459,0.541,0,1.23,7.51,0.63,11.18,5.52,7.69,2.15,9.49,4.17,7.94,0.03,39.04,0.71,
20111218,18-Dec-2011,0.512,0.488,0,1.23,7.55,0.57,11.13,5.43,7.69,2.18,9.5,3.94,7.78,0.03,38.81,0.69,
20111219,19-Dec-2011,0.491,0.509,0,1.23,7.55,0.6,11.02,5.39,7.66,2.25,9.46,3.95,7.94,0.03,39.63,0.69,
20111220,20-Dec-2011,0.503,0.497,0,1.23,7.53,0.6,11.05,5.29,7.68,2.12,9.5,3.84,7.95,0.03,39.09,0.72,
20111221,21-Dec-2011,0.53,0.47,0,1.23,7.49,0.61,10.94,5.21,7.7,2.07,9.55,3.74,8.02,0.03,38.65,0.73,
20111222,22-Dec-2011,0.574,0.426,0,1.16,7.51,0.58,10.99,5.11,7.72,2.01,9.59,3.45,8.01,0.03,38.04,0.74,
20111223,23-Dec-2011,0.584,0.416,0,1.15,7.5,0.62,11.08,4.89,7.76,2,9.67,3.36,8.13,0.03,38.83,0.73,
20111224,24-Dec-2011,0.581,0.419,0,1.15,7.48,0.65,11.08,4.8,7.8,1.97,9.69,3.27,7.96,0.03,39.46,0.77,
20111225,25-Dec-2011,0.594,0.406,0,1.16,7.49,0.64,11.13,4.74,7.84,1.94,9.74,3.21,8.04,0.03,40.5,0.75,
20111226,26-Dec-2011,0.588,0.412,0,1.17,7.49,0.58,11.04,4.71,7.81,1.92,9.77,3.24,7.87,0.03,40.09,0.72,
20111227,27-Dec-2011,0.591,0.409,0,1.23,7.48,0.56,11,4.66,7.86,1.96,9.87,3.23,8.02,0.02,40.37,0.75,
20111228,28-Dec-2011,0.589,0.411,0,1.18,7.49,0.56,10.99,4.62,7.85,1.97,9.88,3.25,7.98,0.03,38.31,0.75,
20111229,29-Dec-2011,0.589,0.411,0,1.05,7.53,0.57,10.95,4.62,7.81,1.99,9.87,3.22,8.06,0.03,37.93,0.74,
20111230,30-Dec-2011,0.574,0.426,0,1.09,7.53,0.61,10.94,4.62,7.79,2.1,9.87,3.25,8.04,0.02,39.15,0.74,
20111231,31-Dec-2011,0.517,0.483,0,1.08,7.55,0.62,10.92,4.58,7.81,2.34,9.92,3.32,8,0.03,39.75,0.71,
20120101,01-Jan-2012,0.499,0.501,0,1.09,7.52,0.62,11.15,4.44,7.83,2.47,9.96,3.39,8,0.02,39.84,0.69,
20120102,02-Jan-2012,0.496,0.504,0,1.08,7.54,0.6,11.3,4.29,7.86,2.43,10,3.28,7.96,0.03,39.34,0.71,
20120103,03-Jan-2012,0.503,0.497,0,1.05,7.58,0.61,11.18,4.29,7.87,2.52,10.02,3.3,8.04,0.03,40.06,0.73,
20120104,04-Jan-2012,0.536,0.464,0,1.08,7.51,0.62,11.18,4.33,7.85,2.46,10.02,3.2,8,0.03,40.05,0.71,
20120105,05-Jan-2012,0.569,0.431,0,1.07,7.53,0.65,11.17,4.21,7.87,2.18,10.04,3.07,7.95,0.03,38.85,0.73,
20120106,06-Jan-2012,0.589,0.411,0,1.07,7.57,0.64,11.04,4.3,7.91,2.08,10.13,3.04,8.04,0.03,39.04,0.74,
20120107,07-Jan-2012,0.604,0.396,0,1.06,7.57,0.63,11.08,4.23,7.91,2.11,10.15,2.98,7.97,0.03,37.83,0.75,
20120108,08-Jan-2012,0.626,0.374,0,1.06,7.57,0.64,11.08,4.1,7.93,2.15,10.2,2.81,7.94,0.03,38.21,0.75,
20120109,09-Jan-2012,0.491,0.509,0,1.06,7.55,0.63,11.13,4.02,7.62,2.1,10.24,3.01,8.02,0.03,38.74,0.71,
20120110,10-Jan-2012,0.406,0.594,0,1.03,7.55,0.62,11.11,4,7.63,2.09,10.29,3.44,7.88,0.03,38.54,0.68,
20120111,11-Jan-2012,0.458,0.542,0,1.03,7.55,0.63,11,3.96,7.69,2.09,10.33,3.24,7.99,0.03,39.63,0.7,
20120112,12-Jan-2012,0.541,0.459,0,1.02,7.55,0.63,11.1,3.77,7.68,2.15,10.36,2.97,7.95,0.03,40.34,0.73,
20120113,13-Jan-2012,0.519,0.481,0,1.05,7.58,0.62,11.07,3.7,7.67,2.15,10.36,2.88,7.96,0.03,39.35,0.74,
20120114,14-Jan-2012,0.435,0.565,0,1.07,7.62,0.63,11.05,3.64,7.66,2.16,10.35,3.08,8.03,0.03,39.05,0.69,
20120115,15-Jan-2012,0.437,0.563,0,1.1,7.64,0.63,11.02,3.63,7.67,2.27,10.38,3.13,7.93,0.03,39.32,0.66,
20120116,16-Jan-2012,0.508,0.492,0,1.07,7.64,0.66,10.93,3.5,7.7,2.06,10.42,2.9,8.02,0.03,39.91,0.71,
20120117,17-Jan-2012,0.529,0.471,0,1.02,7.61,0.66,11,3.51,7.65,2.14,10.35,2.77,8.09,0.03,40.37,0.74,
20120118,18-Jan-2012,0.481,0.519,0,1.07,7.63,0.66,11.07,3.15,7.69,2.11,10.47,2.74,7.96,0.03,39.64,0.74,
20120119,19-Jan-2012,0.457,0.543,0,1.03,7.51,0.68,10.94,3.21,7.67,2.32,10.46,2.83,7.93,0.03,39.13,0.74,
20120120,20-Jan-2012,0.472,0.528,0,1.01,7.46,0.71,10.87,3.27,7.65,2.36,10.46,2.81,7.94,0.03,38.89,0.72,
20120121,21-Jan-2012,0.472,0.528,0,1.05,7.49,0.7,10.96,3.29,7.62,2.46,10.45,2.81,7.89,0.03,38.51,0.72,
20120122,22-Jan-2012,0.55,0.45,0,1.09,7.49,0.7,10.78,3.29,7.63,2.6,10.48,2.66,7.96,0.03,39.44,0.76,
20120123,23-Jan-2012,0.555,0.445,0,1.07,7.5,0.66,10.97,3.22,7.63,2.61,10.53,2.56,7.85,0.03,39.83,0.76,
20120124,24-Jan-2012,0.49,0.51,0,1.04,7.6,0.64,11.01,3.26,7.6,2.58,10.56,2.72,7.91,0.03,39.59,0.73,
20120125,25-Jan-2012,0.471,0.529,0,1,7.69,0.61,11.13,3.21,7.58,2.55,10.58,2.75,7.92,0.03,38.66,0.72,
20120126,26-Jan-2012,0.472,0.528,0,1.03,7.7,0.62,11.05,3.19,7.54,2.45,10.55,2.76,7.97,0.03,38.93,0.74,
20120127,27-Jan-2012,0.462,0.538,0,1.04,7.69,0.6,11,3.18,7.55,2.43,10.55,2.76,7.89,0.03,38.94,0.74,
20120128,28-Jan-2012,0.551,0.449,0,1.02,7.66,0.56,11.17,3.1,7.55,2.46,10.58,2.58,7.78,0.03,39.49,0.71,
20120129,29-Jan-2012,0.5,0.5,0,1,7.71,0.58,11.15,3.12,7.51,2.47,10.5,2.61,7.91,0.03,40.13,0.74,
20120130,30-Jan-2012,0.495,0.505,0,0.99,7.73,0.61,11.08,3.09,7.5,2.41,10.51,2.67,7.88,0.03,39.4,0.73,
20120131,31-Jan-2012,0.439,0.561,0,1.02,7.73,0.58,11.04,2.99,7.54,2.34,10.59,2.7,7.83,0.03,37.02,0.71,
20120201,01-Feb-2012,0.453,0.547,0,1.03,7.69,0.57,11.11,3.02,7.55,2.34,10.6,2.71,7.79,0.03,38.16,0.73,
20120202,02-Feb-2012,0.408,0.592,0,1.03,7.7,0.56,11.12,3.03,7.55,2.32,10.6,2.78,8.07,0.03,38.57,0.75,
20120203,03-Feb-2012,0.394,0.606,0,1.01,7.69,0.57,11.08,2.87,7.56,2.34,10.66,2.78,8.02,0.03,39.41,0.7,
20120204,04-Feb-2012,0.469,0.531,0,1.01,7.63,0.56,11.12,2.85,7.53,2.37,10.62,2.6,8,0.03,39.82,0.73,
20120205,05-Feb-2012,0.474,0.526,0,1,7.65,0.55,11.15,2.93,7.49,2.38,10.53,2.58,7.97,0.03,40.26,0.73,
20120206,06-Feb-2012,0.47,0.53,0,1.01,7.66,0.53,11.08,2.93,7.48,2.29,10.52,2.63,8.01,0.03,40.64,0.74,
20120207,07-Feb-2012,0.504,0.496,0,1,7.6,0.55,11.1,2.92,7.46,2.34,10.49,2.54,7.82,0.02,38.46,0.75,
20120208,08-Feb-2012,0.526,0.474,0,1,7.58,0.54,11.12,2.88,7.46,2.27,10.5,2.5,7.91,0.03,38.01,0.79,
20120209,09-Feb-2012,0.526,0.474,0,1,7.58,0.54,11.07,2.87,7.46,2.23,10.51,2.47,7.95,0.02,38.1,0.79,
20120210,10-Feb-2012,0.526,0.474,0,0.99,7.59,0.53,11.1,2.83,7.47,2.19,10.54,2.46,7.95,0.02,38.17,0.8,
20120211,11-Feb-2012,0.517,0.483,0,0.94,7.58,0.54,11.12,2.69,7.51,2.1,10.65,2.42,7.99,0.02,38.28,0.79,
20120212,12-Feb-2012,0.52,0.48,0,0.95,7.61,0.52,11.07,2.65,7.53,2.07,10.68,2.36,7.83,0.02,38.11,0.76,
20120213,13-Feb-2012,0.524,0.476,0,0.96,7.61,0.54,10.87,2.73,7.44,2.16,10.54,2.4,8,0.03,38.67,0.76,
20120214,14-Feb-2012,0.531,0.469,0,0.94,7.62,0.53,10.92,2.75,7.41,2.18,10.48,2.41,7.98,0.03,38.71,0.81,
20120215,15-Feb-2012,0.43,0.57,0,0.99,7.62,0.54,10.92,2.75,7.36,2.22,10.39,2.57,7.96,0.03,37.52,0.81,
20120216,16-Feb-2012,0.383,0.617,0,0.92,7.61,0.53,11.06,2.77,7.29,2.28,10.36,2.66,8.02,0.03,38.1,0.74,
20120217,17-Feb-2012,0.44,0.56,0,0.91,7.62,0.53,11.06,2.78,7.26,2.21,10.3,2.58,7.9,0.03,38.43,0.73,
20120218,18-Feb-2012,0.499,0.501,0,0.9,7.63,0.51,11.07,2.79,7.31,2.13,10.38,2.48,8,0.03,38.23,0.73,
20120219,19-Feb-2012,0.495,0.505,0,0.9,7.66,0.54,10.99,2.81,7.41,2.04,10.57,2.47,7.99,0.03,38.36,0.75,
20120220,20-Feb-2012,0.51,0.49,0,0.89,7.65,0.54,10.9,2.86,7.5,1.91,10.73,2.45,7.92,0.03,38.21,0.74,
20120221,21-Feb-2012,0.496,0.504,0,0.89,7.64,0.54,10.98,2.82,7.51,1.89,10.77,2.47,8.01,0.03,38.39,0.72,
20120222,22-Feb-2012,0.508,0.492,0,1.02,7.71,0.54,10.9,2.66,7.5,2.15,10.76,2.52,7.9,0.03,38.27,0.74,
20120223,23-Feb-2012,0.501,0.499,0,0.92,7.68,0.67,10.83,2.75,7.49,2.31,10.73,2.45,8.11,0.03,39.39,0.76,
20120224,24-Feb-2012,0.51,0.49,0,0.9,7.53,0.57,11.05,2.67,7.49,2.37,10.73,2.36,7.7,0.03,38.22,0.79,
20120225,25-Feb-2012,0.494,0.506,0,0.9,7.62,0.58,11.09,2.71,7.49,2.36,10.74,2.41,7.76,0.03,37.83,0.8,
20120226,26-Feb-2012,0.511,0.489,0,0.89,7.7,0.6,11,2.72,7.5,2.31,10.75,2.36,8.07,0.03,39.37,0.78,
20120227,27-Feb-2012,0.492,0.508,0,0.89,7.7,0.57,11.13,2.77,7.47,2.34,10.73,2.4,8.04,0.03,39.55,0.78,
20120228,28-Feb-2012,0.512,0.488,0,0.9,7.74,0.6,11,2.76,7.46,2.33,10.69,2.38,8.01,0.03,40.19,0.78,
20120229,29-Feb-2012,0.508,0.492,0,0.88,7.76,0.57,11,2.67,7.46,2.32,10.74,2.36,7.87,0.03,39.82,0.77,
20120301,01-Mar-2012,0.494,0.506,0,0.9,7.76,0.59,10.96,2.64,7.45,2.31,10.77,2.4,7.97,0.03,38.9,0.72,
20120302,02-Mar-2012,0.502,0.498,0,0.88,7.74,0.55,11.02,2.6,7.44,2.33,10.74,2.34,7.83,0.03,38.55,0.72,
20120303,03-Mar-2012,0.508,0.492,0,0.87,7.74,0.55,11.11,2.61,7.42,2.34,10.7,2.34,7.98,0.03,39.75,0.77,
20120304,04-Mar-2012,0.513,0.487,0,0.88,7.74,0.58,11.07,2.63,7.42,2.3,10.71,2.35,7.86,0.03,39.51,0.77,
20120305,05-Mar-2012,0.505,0.486,0.009,0.89,7.72,0.58,11.08,2.9,7.49,2.19,10.73,2.43,7.96,0.03,39.54,0.77,
20120306,06-Mar-2012,0.493,0.507,0,0.91,7.74,0.62,10.9,2.8,7.49,2.24,10.78,2.49,7.93,0.03,40.08,0.75,
20120307,07-Mar-2012,0.465,0.535,0,0.93,7.55,0.68,10.7,2.9,7.48,2.28,10.79,2.58,8.04,0.03,39.54,0.76,
20120308,08-Mar-2012,0.427,0.573,0,0.9,7.49,0.71,11.11,2.9,7.48,2.28,10.77,2.67,7.98,0.03,39.48,0.78,
20120309,09-Mar-2012,0.461,0.539,0,1.16,7.65,0.69,11.12,3.17,7.47,2.14,10.77,2.67,7.88,0.03,38.97,0.78,
20120310,10-Mar-2012,0.465,0.535,0,1.46,7.73,0.64,10.85,3.4,7.48,2.08,10.81,2.76,7.87,0.03,38.84,0.76,
20120311,11-Mar-2012,0.469,0.531,0,1.95,7.73,0.64,10.44,3.21,7.51,2.07,10.85,3.04,7.84,0.03,38.8,0.73,
20120312,12-Mar-2012,0.519,0.481,0,2.56,7.71,0.66,10.13,3.27,7.51,2.06,10.84,3.25,7.62,0.02,38.73,0.72,
20120313,13-Mar-2012,0.586,0.414,0,3.93,7.68,0.7,,3.41,7.51,2.05,,3.93,7.65,0.03,38.52,0.77,
20120314,14-Mar-2012,0.566,0.434,0,4.54,7.66,0.67,,3.56,7.53,2.03,,4.42,7.91,0.03,37.61,0.78,
20120315,15-Mar-2012,0.502,0.498,0,5.21,7.62,0.71,,3.69,7.53,2,,4.73,7.88,0.02,39.61,0.77,
20120316,16-Mar-2012,0.484,0.516,0,5.9,7.63,0.7,,3.89,7.54,1.98,,5.23,7.87,0.03,40.71,0.78,
20120317,17-Mar-2012,0.505,0.495,0,6,7.65,0.7,,4.01,7.54,1.96,,5.44,8.11,0.03,40.64,0.78,
20120318,18-Mar-2012,0.519,0.481,0,6.43,7.65,0.71,,4.15,7.54,1.96,,5.71,7.95,0.02,40.52,0.75,
20120319,19-Mar-2012,0.614,0.386,0,6.31,7.59,0.91,9.25,4.21,7.52,2.08,10.18,5.73,7.92,0.03,40.95,0.77,
20120320,20-Mar-2012,0.537,0.463,0,4.84,7.52,1.01,9.65,4.24,7.49,2.12,10.17,5.22,7.92,0.03,40.19,0.78,
20120321,21-Mar-2012,0.42,0.58,0,5.05,7.59,0.7,9.48,4.24,7.48,2.08,10.19,5.08,7.94,0.03,38.62,0.77,
20120322,22-Mar-2012,0.452,0.548,0,6.1,7.57,0.72,9.13,4.32,7.47,2.06,10.2,5.49,8.09,0.03,38.87,0.77,
20120323,23-Mar-2012,0.486,0.514,0,7.33,7.57,0.78,8.81,4.43,7.49,2.04,10.24,6.24,8.2,0.03,39.03,0.77,
20120324,24-Mar-2012,0.386,0.614,0,8.23,7.58,0.79,8.63,4.45,7.47,2.07,10.23,6.45,7.97,0.03,39.38,0.76,
20120325,25-Mar-2012,0.327,0.673,0,8.85,7.57,0.85,8.52,4.56,7.43,2.07,10.2,6.38,7.82,0.03,38.56,0.75,
20120326,26-Mar-2012,0.303,0.697,0,9.06,7.58,0.95,8.46,4.78,7.41,2.03,10.19,6.39,7.89,0.04,38.72,0.73,
20120327,27-Mar-2012,0.476,0.524,0,8.39,7.57,1.02,8.69,4.79,7.41,1.93,10.21,6.84,8.03,0.03,39.2,0.75,
20120328,28-Mar-2012,0.472,0.528,0,8.6,7.55,1.06,8.69,4.86,7.4,1.95,10.19,6.97,7.97,0.03,38.66,0.8,
20120329,29-Mar-2012,0.381,0.619,0,9.19,7.51,1.11,8.5,4.96,7.38,1.97,10.18,6.91,7.93,0.03,38.92,0.78,
20120330,30-Mar-2012,0.337,0.663,0,9.88,7.51,1.19,8.36,4.96,7.37,1.96,10.17,6.88,7.82,0.03,39.05,0.71,
20120331,31-Mar-2012,0.35,0.65,0,10.43,7.5,1.24,8.23,5.1,7.37,1.91,10.19,7.16,7.78,0.03,40.76,0.79,
20120401,01-Apr-2012,0.317,0.683,0,10.83,7.48,1.37,8.11,5.12,7.34,1.91,10.16,7.23,7.68,0.03,40.49,0.81,
20120402,02-Apr-2012,0.27,0.73,0,11.12,7.43,1.64,7.98,5.31,7.35,1.87,10.15,7.02,7.76,0.03,39.97,0.72,
20120403,03-Apr-2012,0.48,0.52,0,7.58,7.41,2.27,9.33,5.15,7.35,1.82,10.15,6.8,8,0.04,38.43,0.65,
20120404,04-Apr-2012,0.442,0.558,0,5.92,7.41,2.35,9.85,5.18,7.34,1.81,10.14,6.07,8.08,0.04,38.69,0.76,
20120405,05-Apr-2012,0.415,0.585,0,7.91,7.37,2.18,8.99,5.31,7.35,1.77,10.17,6.59,8.08,0.04,39.73,0.78,
20120406,06-Apr-2012,0.325,0.675,0,9.25,7.39,2.08,8.57,5.37,7.35,1.78,10.16,6.88,8,0.03,39.82,0.77,
20120407,07-Apr-2012,0.284,0.716,0,8.89,7.4,1.97,8.91,5.67,7.37,1.83,10.14,6.86,7.88,0.03,39.46,0.75,
20120408,08-Apr-2012,0.291,0.709,0,7.85,7.4,1.8,9.28,5.66,7.36,1.76,10.13,6.62,7.71,0.03,38.17,0.77,
20120409,09-Apr-2012,0.321,0.66,0.019,8.65,7.39,2.03,8.98,5.94,7.34,1.71,10.1,6.83,8.03,0.03,38.9,0.78,
20120410,10-Apr-2012,0.395,0.562,0.043,9.5,7.38,2.11,8.81,6.08,7.33,1.72,10.08,7.79,8.04,0.03,39.96,0.81,
20120411,11-Apr-2012,0.353,0.622,0.026,10.5,7.36,2.21,8.51,6.03,7.33,1.7,10.07,8.09,7.87,0.03,39.1,0.79,
20120412,12-Apr-2012,0.386,0.566,0.047,10.34,7.35,3.06,8.44,5.69,7.33,1.74,10.05,8.16,7.87,0.03,38.67,0.76,
20120413,13-Apr-2012,0.387,0.572,0.042,9.89,7.31,4.66,8.63,5.68,7.31,1.72,10.01,8.19,7.94,0.03,38.71,0.75,
20120414,14-Apr-2012,0.389,0.581,0.03,8.82,7.31,3.17,8.9,5.71,7.31,1.68,9.97,7.62,7.85,0.03,37.78,0.77,
20120415,15-Apr-2012,0.387,0.583,0.03,7.7,7.34,2.61,9.28,6.09,7.37,1.75,10.02,7.28,7.82,0.03,38.22,0.78,
20120416,16-Apr-2012,0.384,0.582,0.034,6.89,7.24,2.24,9.68,6.14,7.37,1.68,10.04,7.09,7.81,0.03,37.8,0.77,
20120417,17-Apr-2012,0.371,0.582,0.046,7.79,7.11,2.12,9.42,6.21,7.38,1.67,10.04,7.4,7.98,0.03,39.05,0.76,
20120418,18-Apr-2012,0.371,0.591,0.038,7.49,7.18,2.25,9.51,6.19,7.35,1.67,10.01,7.27,7.96,0.03,39.14,0.76,
20120419,19-Apr-2012,0.434,0.53,0.037,8.32,7.22,2.12,9.25,6.17,7.32,1.63,9.97,7.65,7.8,0.03,38.61,0.76,
20120420,20-Apr-2012,0.541,0.419,0.039,8.99,7.2,2.02,9.16,6.34,7.29,1.73,9.93,8.24,7.96,0.03,38.76,0.76,
20120421,21-Apr-2012,0.422,0.557,0.022,10.36,7.19,2.05,8.79,6.47,7.3,1.5,9.95,8.61,7.96,0.03,39.31,0.73,
20120422,22-Apr-2012,0.357,0.609,0.035,11.42,7.21,2.26,8.61,6.53,7.28,1.49,9.88,8.84,7.79,0.03,39.64,0.78,
20120423,23-Apr-2012,0.327,0.645,0.028,10.92,7.3,14.35,8.75,6.55,7.28,1.42,9.86,8.85,7.81,0.03,39.68,0.77,
20120424,24-Apr-2012,0.307,0.66,0.033,10.21,7.33,5.64,8.83,6.62,7.27,1.37,9.83,8.01,7.77,0.03,39.49,0.76,
20120425,25-Apr-2012,0.313,0.648,0.039,10.46,7.2,4.26,8.8,6.64,7.23,1.38,9.78,8.11,7.92,0.03,38.7,0.73,
20120426,26-Apr-2012,0.335,0.629,0.036,10.49,7.11,3.61,8.84,6.67,7.16,1.4,9.74,8.09,7.91,0.03,37.39,0.68,
20120427,27-Apr-2012,0.376,0.595,0.029,10.62,7.11,4.05,8.74,6.64,7.17,1.41,9.76,8.51,7.88,0.03,37.4,0.72,
20120428,28-Apr-2012,0.387,0.576,0.037,9.03,7.14,4.76,9.27,6.87,7.21,1.37,9.78,8.07,7.85,0.04,38.14,0.78,
20120429,29-Apr-2012,0.339,0.635,0.026,7.88,7.18,3.07,9.56,6.95,7.22,1.31,9.81,7.52,7.87,0.04,39.56,0.78,
20120430,30-Apr-2012,0.283,0.708,0.009,8.47,7.16,3.08,9.39,6.96,7.22,1.34,9.78,7.43,7.96,0.03,39.05,0.8,
20120501,01-May-2012,0.294,0.706,0,9.57,7.19,4.77,9.01,7.02,7.31,1.31,9.76,7.74,7.88,0.03,38.79,0.78,
20120502,02-May-2012,0.31,0.69,0,9.8,7.1,5.33,8.96,7,7.31,1.37,9.72,7.85,7.93,0.03,38.92,0.78,
20120503,03-May-2012,0.341,0.659,0,9.36,7.11,4.15,9.16,7.03,7.31,1.38,9.7,7.87,7.95,0.03,40.31,0.79,
20120504,04-May-2012,0.302,0.698,0,10,7.13,4.49,8.99,7.13,7.3,1.38,9.68,7.91,7.95,0.03,39.98,0.76,
20120505,05-May-2012,0.315,0.685,0,10.89,7.07,8.65,8.65,7.17,7.28,1.36,9.64,8.28,7.97,0.03,40.56,0.72,
20120506,06-May-2012,0.332,0.668,0,9.76,6.95,6,9.14,7.13,7.3,1.36,9.61,8.12,7.92,0.03,41.02,0.74,
20120507,07-May-2012,0.288,0.712,0,9.5,7.15,3.88,9.13,6.87,7.31,1.45,9.57,7.96,7.86,0.03,39.49,0.74,
20120508,08-May-2012,0.276,0.724,0,7.38,7.44,3.48,9.96,6.82,7.31,1.45,9.55,7.36,7.88,0.03,39.34,0.74,
20120509,09-May-2012,0.343,0.657,0,9.55,7.45,3.11,9.09,6.85,7.31,1.46,9.52,7.86,7.92,0.03,39.15,0.77,
20120510,10-May-2012,0.358,0.642,0,11.28,7.41,3.5,8.68,7.02,7.27,1.43,9.47,8.62,7.93,0.03,39.99,0.77,
20120511,11-May-2012,0.355,0.645,0,10.57,7.37,2.97,8.93,7.11,7.27,1.38,9.46,8.64,8.06,0.03,39.58,0.74,
20120512,12-May-2012,0.331,0.669,0,8.05,7.38,2.32,9.75,7.03,7.27,1.47,9.42,7.69,7.8,0.03,38.32,0.77,
20120513,13-May-2012,0.341,0.659,0,8.81,7.39,2.12,9.43,6.99,7.27,1.54,9.37,7.75,7.8,0.03,38.55,0.79,
20120514,14-May-2012,0.353,0.647,0,9.92,7.4,2.31,9.18,6.94,7.25,1.74,9.33,8.17,7.89,0.03,38.91,0.79,
20120515,15-May-2012,0.344,0.656,0,11.04,7.4,2.3,8.36,6.86,7.24,1.8,9.32,8.59,7.76,0.03,39.13,0.8,
20120516,16-May-2012,0.326,0.674,0,11.53,7.39,2.38,7.72,6.94,7.23,1.78,9.25,8.82,7.86,0.03,38.38,0.74,
20120517,17-May-2012,0.379,0.621,0,10.46,7.41,2.38,7.23,6.94,7.23,1.84,9.24,8.46,7.91,0.03,38.88,0.74,
20120518,18-May-2012,0.312,0.688,0,11.95,7.39,2.22,6.19,6.95,7.23,1.86,9.21,8.07,7.69,0.02,38.22,0.78,
20120519,19-May-2012,0,1,0,,,,,7.09,7.22,1.73,9.17,7.24,7.98,0.02,38.18,0.83,
20120520,20-May-2012,0,1,0,,,,,7.16,7.23,1.74,9.16,7.27,7.9,0.02,38.54,0.79,
20120521,21-May-2012,0.285,0.715,0,11.1,7.3,3.96,8.22,7.04,7.2,2.07,9.12,7.76,7.95,0.03,39.4,0.77,
20120522,22-May-2012,0.32,0.68,0,11.69,7.37,2.46,7.99,6.99,7.15,2.02,9.11,8.72,7.58,0.03,39.5,0.76,
20120523,23-May-2012,0.411,0.589,0,11.83,7.36,3.16,8.5,7.01,7.14,1.92,9.11,9.17,7.91,0.03,38.72,0.76,
20120524,24-May-2012,0.722,0.278,0,9.85,7.35,3.07,9.23,7.05,7.15,1.8,9.09,9.58,8.07,0.03,39.44,0.7,
20120525,25-May-2012,0.48,0.52,0,9.62,7.36,2.33,9.32,7.02,7.13,1.84,9.05,9.05,7.6,0.03,39.72,0.75,
20120526,26-May-2012,0.393,0.607,0,10.72,7.36,2.21,8.96,7.1,7.13,2.13,9.01,8.71,7.92,0.03,39.39,0.77,
20120527,27-May-2012,0.448,0.552,0,12.21,7.34,2.43,8.56,7.1,7.13,1.78,8.97,9.65,7.79,0.03,38.88,0.75,
20120528,28-May-2012,0.456,0.544,0,10.2,7.34,2.23,9.24,7.16,7.13,1.78,8.96,9.02,7.9,0.03,38.12,0.75,
20120529,29-May-2012,0.371,0.629,0,10.79,7.32,2.24,9.08,7.56,7.22,1.71,8.92,8.85,7.73,0.03,37.68,0.78,
20120530,30-May-2012,0.357,0.643,0,11.58,7.32,2.25,8.84,7.38,7.32,1.67,8.88,9.02,7.83,0.03,38.31,0.78,
20120531,31-May-2012,0.387,0.613,0,12.39,7.37,2.27,8.67,7.41,7.33,1.7,8.83,9.44,7.92,0.03,39.2,0.77,
20120601,01-Jun-2012,0.392,0.608,0,12.34,7.39,2.44,8.69,7.53,7.33,1.66,8.82,9.6,7.96,0.03,38.21,0.78,
20120602,02-Jun-2012,0.39,0.61,0,11.98,7.33,3.95,8.74,7.64,7.33,1.67,8.77,9.47,7.91,0.03,38.37,0.78,
20120603,03-Jun-2012,0.387,0.613,0,11.84,7.31,4.35,8.76,7.45,7.33,1.75,8.77,9.32,7.92,0.03,38.39,0.76,
20120604,04-Jun-2012,0.376,0.624,0,12.73,7.41,4.29,8.63,7.47,7.33,2.09,8.71,9.57,7.88,0.03,38.36,0.77,
20120605,05-Jun-2012,0.355,0.645,0,13.54,7.53,3.5,8.41,7.57,7.33,1.78,8.69,9.78,8.11,0.03,38.99,0.81,
20120606,06-Jun-2012,0.321,0.679,0,13.08,7.56,3.85,8.49,7.73,7.32,1.75,8.69,9.57,7.95,0.03,38.46,0.82,
20120607,07-Jun-2012,0,1,0,,,,,8.02,7.32,1.64,8.67,8.07,7.78,0.02,38.39,0.8,
20120608,08-Jun-2012,0,1,0,,,,,8.01,7.32,1.67,8.65,7.73,8.11,0.02,39.71,0.78,
20120609,09-Jun-2012,0,1,0,,,,,8.14,7.31,1.62,8.64,7.71,7.94,0.02,39.57,0.78,
20120610,10-Jun-2012,0,1,0,,,,,8.24,7.3,1.62,8.62,7.78,7.9,0.02,39.81,0.78,
20120611,11-Jun-2012,0,1,0,,,,,8.23,7.3,1.66,8.58,7.8,8.03,0.02,39.85,0.78,
20120612,12-Jun-2012,0,1,0,,,,,8.23,7.3,1.66,8.53,7.83,8.09,0.02,39.07,0.78,
20120613,13-Jun-2012,0,1,0,,,,,8.29,7.3,1.66,8.5,7.85,8.09,0.02,38.45,0.77,
20120614,14-Jun-2012,0,1,0,,,,,8.28,7.28,1.68,8.44,7.86,7.88,0.02,40.03,0.78,
20120615,15-Jun-2012,0,1,0,,,,,8.35,7.28,1.68,8.43,7.89,7.98,0.02,39.57,0.77,
20120616,16-Jun-2012,0,1,0,,,,,8.39,7.27,1.7,8.38,7.95,8.03,0.02,39.99,0.79,
20120617,17-Jun-2012,0,1,0,,,,,8.44,7.28,1.66,8.38,7.97,7.94,0.02,40.26,0.78,
20120618,18-Jun-2012,0,1,0,,,,,8.29,7.25,2.15,8.33,8.06,7.97,0.02,39.31,0.78,
20120619,19-Jun-2012,0,1,0,,,,,8.06,7.25,2.09,8.27,8.11,8.03,0.03,38.07,0.73,Data has been verified. (19-Jun-2012 0530 KM)
20120620,20-Jun-2012,0,1,0,,,,,8.08,7.24,1.89,8.25,8.11,7.92,0.03,38.56,0.77,Data has been quality checked  @ 0900 hrs.
20120621,21-Jun-2012,0,1,0,,,,,8.36,7.25,1.7,8.2,8.13,7.89,0.02,39.1,0.77,Parameters quality checked 0900 hrs.  (GLJ)
20120622,22-Jun-2012,0,1,0,,,,,8.45,7.25,1.67,8.18,8.18,8.02,0.03,39.56,0.8,
20120623,23-Jun-2012,0,1,0,,,,,8.47,7.24,1.71,8.13,8.24,7.95,0.03,40.05,0.79,
20120624,24-Jun-2012,0,1,0,,,,,8.54,7.22,1.8,8.05,8.3,7.94,0.03,42.29,0.78,Data verified 0800 (KM)
20120625,25-Jun-2012,0,1,0,,,,,8.73,7.22,1.71,8.05,8.33,7.84,0.02,39.21,0.79,Data verified Jun-25-2012 @ 1030 hrs. (GLJ)
20120626,26-Jun-2012,0,1,0,,,,,8.82,7.2,1.84,7.93,8.38,7.9,0.03,38.16,0.79,Data varified @ 0900 hrs. (GLJ)
20120627,27-Jun-2012,0,1,0,,,,,8.8,7.2,1.69,7.94,8.39,7.9,0.03,38,0.77,Data validated @ 0900 hrs. (GLJ)
20120628,28-Jun-2012,0,1,0,,,,,8.78,7.2,1.69,7.89,8.43,8.04,0.02,39.48,0.78,Data validated @ 1000 hrs. (GLJ)
20120629,29-Jun-2012,0,1,0,,,,,8.81,7.19,1.74,7.83,8.47,7.98,0.02,39.72,0.8,
20120630,30-Jun-2012,0,1,0,,,,,8.83,7.19,1.77,7.84,8.54,7.93,0.03,40.16,0.78,
20120701,01-Jul-2012,0,1,0,,,,,8.86,7.17,1.79,7.72,8.58,7.88,0.03,39.86,0.76,
20120702,02-Jul-2012,0,1,0,,,,,8.97,7.16,1.8,7.67,8.62,7.87,0.03,39.34,0.77,Data varified @1100 hrs (GLJ)
20120703,03-Jul-2012,0,1,0,,,,,9.04,7.16,1.8,7.64,8.65,7.97,0.03,39.83,0.77,
20120704,04-Jul-2012,0,1,0,,,,,9.03,7.15,1.89,7.56,8.7,7.92,0.03,40.15,0.78,
20120705,05-Jul-2012,0,1,0,,,,,9.09,7.15,1.79,7.56,8.73,7.9,0.03,39.06,0.77,Verified 0830 hrs. (GLJ)
20120706,06-Jul-2012,0,1,0,,,,,9.14,7.13,1.92,7.46,8.79,8,0.03,38.65,0.78,
20120707,07-Jul-2012,0,1,0,,,,,9.12,7.14,1.95,7.44,8.79,7.89,0.02,39.16,0.77,
20120708,08-Jul-2012,0,1,0,,,,,9.1,7.13,2.09,7.34,8.81,7.87,0.03,38.38,0.77,
20120709,09-Jul-2012,0,1,0,,,,,9.1,7.13,2.1,7.33,8.81,7.84,0.03,38.31,0.76,Data validated 0745 Hrs. (GLJ)
20120710,10-Jul-2012,0,1,0,,,,,9.16,7.12,2.19,7.27,8.86,8.04,0.03,39.99,0.75,Data validated @ 0800 hrs. (GLJ)
20120711,11-Jul-2012,0,1,0,,,,,9.24,7.11,2.21,7.27,8.9,7.9,0.03,39.68,0.77,Data validated 0800 hrs. (GLJ)
20120712,12-Jul-2012,0,1,0,,,,,9.32,7.11,2.32,7.25,8.95,7.85,0.03,38.92,0.75,Data Validated @ 0845 hrs. (GLJ)
20120713,13-Jul-2012,0,1,0,,,,,9.38,7.1,2.34,7.21,8.99,7.87,0.03,38.94,0.75,
20120714,14-Jul-2012,0,1,0,,,,,9.41,7.09,2.49,7.13,9.04,7.95,0.03,38.74,0.74,
20120715,15-Jul-2012,0,1,0,,,,,9.44,7.09,2.55,7.07,9.12,7.91,0.03,39.88,0.8,
20120716,16-Jul-2012,0,1,0,,,,,9.46,7.08,2.68,7.06,9.15,7.88,0.03,40.35,0.76,
20120717,17-Jul-2012,0,1,0,,,,,9.55,7.07,2.53,7.05,9.18,8.01,0.03,39.16,0.75,
20120718,18-Jul-2012,0,1,0,,,,,9.57,7.06,2.68,6.98,9.22,8.03,0.03,39.44,0.76,Data within QA/QC limits (KM)
20120719,19-Jul-2012,0,1,0,,,,,9.65,7.06,2.73,6.96,9.28,8.07,0.03,39.82,0.74,Data is checked to be with QA/QC limits (KM)
20120720,20-Jul-2012,0,1,0,,,,,9.71,7.06,2.84,6.92,9.35,7.93,0.03,40.48,0.79,
20120721,21-Jul-2012,0,1,0,,,,,9.77,7.05,2.87,6.89,9.39,7.87,0.03,41.21,0.78,
20120722,22-Jul-2012,0,1,0,,,,,9.77,7.04,3.11,6.77,9.4,7.88,0.03,41.88,0.74,
20120723,23-Jul-2012,0,1,0,,,,,9.75,7.04,3.26,6.79,9.43,7.71,0.03,41.66,0.77,
20120724,24-Jul-2012,0,1,0,,,,,9.74,7.04,2.74,6.73,9.47,7.86,0.03,39.36,0.75,"Horsetooth pH is reading a little low - Laboratory analysis = 7.2
Instrument will be calibrated.
All other instruments are reading within QA/QC tolerances
KM"
20120725,25-Jul-2012,0,1,0,,,,,10.24,7.07,3.07,6.65,9.7,7.87,0.03,39.79,0.8,Data is within QA/QC limits KM
20120726,26-Jul-2012,0,1,0,,,,,10.27,7.09,3.16,6.6,9.77,7.87,0.03,40.22,0.77,
20120727,27-Jul-2012,0,1,0,,,,,10.24,7.09,3.1,6.59,9.74,7.83,0.03,39.26,0.76,
20120728,28-Jul-2012,0,1,0,,,,,10.29,7.08,3.07,6.54,9.75,7.79,0.03,44.69,0.79,
20120729,29-Jul-2012,0,1,0,,,,,10.34,7.09,2.92,6.54,9.78,7.72,0.03,39.24,0.8,
20120730,30-Jul-2012,0,1,0,,,,,10.29,7.09,2.97,6.45,9.8,7.91,0.03,38.09,0.79,
20120731,31-Jul-2012,0,1,0,,,,,10.28,7.09,2.98,6.38,9.82,7.87,0.03,38.53,0.76,
20120801,01-Aug-2012,0,1,0,,,,,10.38,7.07,2.95,6.32,9.86,7.78,0.03,38.5,0.77,
20120802,02-Aug-2012,0,1,0,,,,,10.39,7.08,2.92,6.31,9.88,7.89,0.03,38.62,0.77,Data quality checked 1000 hrs. (GLJ)
20120803,03-Aug-2012,0,1,0,,,,,10.42,7.06,3.06,6.22,9.92,7.8,0.03,38.81,0.78,
20120804,04-Aug-2012,0,1,0,,,,,10.48,7.05,3.18,6.15,9.96,7.49,0.03,39,0.79,
20120805,05-Aug-2012,0,1,0,,,,,10.54,7.06,3.26,6.07,10,7.53,0.02,39.29,0.79,
20120806,06-Aug-2012,0,1,0,,,,,10.89,7.04,3.14,5.99,10.04,7.82,0.03,39.53,0.77,Data Validated @1115 hrs. (GLJ)
20120807,07-Aug-2012,0,1,0,,,,,11.12,7.04,2.67,5.84,10.09,7.93,0.03,39.41,0.72,
20120808,08-Aug-2012,0,1,0,,,,,11.17,7.01,3.04,5.84,10.17,7.61,0.02,39.57,0.83,Data Vailidated 1445 hrs. (GLJ)
20120809,09-Aug-2012,0,1,0,,,,,11.19,7.03,3.52,5.81,10.21,7.68,0.03,39.48,0.79,Data Validated 0845 hrs. (GLJ)
20120810,10-Aug-2012,0,1,0,,,,,11.25,7.03,3.53,5.77,10.27,7.7,0.02,38.95,0.81,
20120811,11-Aug-2012,0,1,0,,,,,11.33,7.01,3.74,5.62,10.35,7.75,0.02,38.19,0.78,
20120812,12-Aug-2012,0,1,0,,,,,11.36,6.99,3.94,5.5,10.43,7.9,0.02,38.25,0.8,
20120813,13-Aug-2012,0,1,0,,,,,11.4,7,4.07,5.4,10.49,7.95,0.02,39.04,0.8,Data validated 0830 hrs. (GLJ)
20120814,14-Aug-2012,0,1,0,,,,,11.42,7.21,4.16,5.31,10.55,7.89,0.02,39.37,0.78,Data validated @ 1115 hrs (GLJ)
20120815,15-Aug-2012,0,1,0,,,,,11.53,7.28,4.23,5.97,10.61,7.85,0.02,38.8,0.81,Data  validated @ 1015 hrs. (GLJ)
20120816,16-Aug-2012,0,1,0,,,,,11.16,7.29,4.31,6.56,10.67,7.91,0.02,39,0.78,Data validated @ 1315 hrs.  (GLJ)
20120817,17-Aug-2012,0,1,0,,,,,10.97,7.29,4.49,6.19,10.78,7.89,0.02,39.22,0.79,
20120818,18-Aug-2012,0,1,0,,,,,11.09,7.27,4.81,6.02,10.85,7.81,0.03,40.18,0.78,
20120819,19-Aug-2012,0,1,0,,,,,11.18,7.26,4.87,5.95,10.95,7.75,0.02,40.26,0.78,
20120820,20-Aug-2012,0,1,0,,,,,11.37,7.25,5.02,5.82,11.1,8.05,0.02,41.11,0.77,Data validated @ 0750 hrs.  (GLJ)
20120821,21-Aug-2012,0,1,0,,,,,11.48,7.25,5.15,5.7,11.22,7.85,0.03,40,0.73,Data Validated @ 1442 hrs.  (GLJ)
20120822,22-Aug-2012,0,1,0,,,,,11.71,7.25,5.39,5.58,11.35,7.89,0.03,39.45,0.75,Data validated @ 1352 hrs.  (GLJ)
20120823,23-Aug-2012,0,1,0,,,,,11.89,7.24,5.52,5.41,11.54,7.85,0.03,39.42,0.79,Data validated @ 0910 hrs.  (GLJ)
20120824,24-Aug-2012,0,1,0,,,,,11.97,7.23,5.62,5.27,11.62,7.95,0.03,39.51,0.76,
20120825,25-Aug-2012,0,1,0,,,,,12.09,7.21,5.97,5.14,11.78,7.95,0.03,40.81,0.76,
20120826,26-Aug-2012,0,1,0,,,,,12.24,7.21,5.85,4.99,11.97,7.86,0.03,40.02,0.77,Data Validated @ 0815 hrs.  (GLJ)
20120827,27-Aug-2012,0,1,0,,,,,12.46,7.2,5.59,4.87,12.2,7.9,0.03,40.33,0.8,Data Validated @ 1158 hrs.  (GLJ)
20120828,28-Aug-2012,0,1,0,,,,,12.68,7.19,5.88,4.58,12.44,7.84,0.03,39.42,0.77,Data validated  @ 0730 hrs.  (GLJ)
20120829,29-Aug-2012,0,1,0,,,,,12.81,7.18,6.02,4.43,12.6,7.99,0.03,39.73,0.74,Data validated @ 1000 hrs.  (GLJ)
20120830,30-Aug-2012,0,1,0,,,,,13.05,7.17,5.84,4.28,12.84,7.92,0.03,39.29,0.76,Data validated @ 0850 hrs.  (GLJ)
20120831,31-Aug-2012,0,1,0,,,,,13.28,7.16,5.65,4.08,13.07,7.92,0.03,39.27,0.76,
20120901,01-Sep-2012,0,1,0,,,,,13.53,7.15,5.63,3.88,13.33,7.92,0.03,39.29,0.78,
20120902,02-Sep-2012,0,1,0,,,,,13.72,7.14,5.61,3.76,13.52,7.85,0.02,39.36,0.77,
20120903,03-Sep-2012,0,1,0,,,,,14.09,7.14,5.27,3.59,13.82,7.8,0.03,39.63,0.77,Data validated @ 1003 hrs.  (GLJ)
20120904,04-Sep-2012,0,1,0,,,,,14.37,7.14,5.42,3.44,14.12,7.88,0.03,39.89,0.73,
20120905,05-Sep-2012,0,1,0,,,,,14.55,7.13,5.45,3.31,14.19,7.74,0.03,38.4,0.7,Data validated @ 1246 hrs.  (GLJ)
20120906,06-Sep-2012,0,1,0,,,,,14.74,7.13,5.35,3.23,14.32,7.86,0.03,38.94,0.73,Data validated @ 1321 hrs.  (GLJ)
20120907,07-Sep-2012,0,1,0,,,,,14.87,7.12,5.39,3.17,14.53,7.81,0.03,39,0.76,
20120908,08-Sep-2012,0,1,0,,,,,15.06,7.13,5.01,3.12,14.78,7.99,0.03,38.81,0.75,
20120909,09-Sep-2012,0,1,0,,,,,15.28,7.13,4.89,3.04,14.95,7.88,0.03,38.57,0.78,
20120910,10-Sep-2012,0,1,0,,,,,15.63,7.13,4.82,2.99,15.31,7.87,0.03,38.76,0.75,Data validated @ 1332 hrs.  (GLJ)
20120911,11-Sep-2012,0,1,0,,,,,15.85,7.13,4.8,2.96,15.54,7.97,0.03,39.4,0.73,Data validated @ 1208 hrs.  (GLJ)
20120912,12-Sep-2012,0,1,0,,,,,15.89,7.13,4.76,2.85,15.67,7.96,0.03,39.26,0.73,
20120913,13-Sep-2012,0,1,0,,,,,15.87,7.12,4.65,2.71,15.75,7.88,0.03,38.83,0.8,
20120914,14-Sep-2012,0,1,0,,,,,16.13,7.13,4.51,2.75,15.98,7.78,0.02,38.43,0.8,
20120915,15-Sep-2012,0,1,0,,,,,16.39,7.13,4.51,2.78,16.22,7.94,0.03,38.59,0.77,
20120916,16-Sep-2012,0,1,0,,,,,16.59,7.13,4.62,2.74,16.41,7.91,0.03,38.21,0.72,Data Validated 11:35 KDM
20120917,17-Sep-2012,0.1,0.9,0,16.37,7.54,27.16,7.85,16.75,7.13,4.35,2.72,16.62,7.72,0.03,37.81,0.77,Data Validated 12:02 KDM
20120918,18-Sep-2012,0.14,0.86,0,15.02,7.66,19.88,11.7,16.88,7.14,4.48,2.78,16.72,7.99,0.03,37.4,0.76,
20120919,19-Sep-2012,0.13,0.87,0,14.85,7.74,12.44,11.6,17.08,7.14,4.15,2.95,16.77,7.93,0.03,38.48,0.82,
20120920,20-Sep-2012,0.106,0.894,0,14.97,7.7,5.23,11.53,17.32,7.16,4.16,3.13,17.02,8.04,0.02,40.41,0.81,Data validated 1216 hrs.  (GLJ)
20120921,21-Sep-2012,0.112,0.888,0,14.83,7.68,3.34,11.52,17.53,7.22,4.28,3.87,17.26,7.9,0.02,39.43,0.73,
20120922,22-Sep-2012,0.124,0.876,0,14.83,7.64,2.94,11.49,17.68,7.29,4.55,4.72,17.4,7.83,0.02,38.52,0.76,
20120923,23-Sep-2012,0.141,0.859,0,14.69,7.58,2.95,11.51,17.75,7.32,4.61,5.13,17.41,7.87,0.03,39.07,0.77,
20120924,24-Sep-2012,0.113,0.887,0,14.85,7.59,3.41,11.4,17.81,7.39,4.38,5.76,17.56,7.96,0.02,39.6,0.77,Data validated 0817 hrs.  (GLJ)
20120925,25-Sep-2012,0.137,0.863,0,14.69,7.55,4.35,11.23,17.7,7.44,4.79,6.34,17.59,7.95,0.03,39.49,0.71,Data validated @ 1239 hrs.   (GLJ)
20120926,26-Sep-2012,0.182,0.818,0,14.79,7.61,3.24,11.5,17.55,7.47,4.8,6.59,17.38,7.92,0.02,38.54,0.72,
20120927,27-Sep-2012,0.179,0.821,0,15.28,7.63,2.5,10.71,17.4,7.48,4.69,6.73,17.48,7.92,0.02,38.24,0.77,
20120928,28-Sep-2012,0,1,0,,,,,17.3,7.51,4.48,6.98,17.45,7.95,0.03,38.14,0.8,
20120929,29-Sep-2012,0,1,0,,,,,17.18,7.51,4.39,7.03,17.32,8.02,0.02,39.1,0.77,
20120930,30-Sep-2012,0,1,0,,,,,17.12,7.52,4.42,7.13,17.22,7.94,0.02,38.73,0.77,Data validated 0930 hrs.  (GLJ)
20121001,01-Oct-2012,0.153,0.847,0,14.76,7.49,15.32,9.83,17.05,7.55,4.21,7.32,17.05,7.96,0.02,37.91,0.76,Data validated @ 0725 hrs.  (GLJ)
20121002,02-Oct-2012,0.173,0.827,0,14.36,7.59,7.77,10.31,16.95,7.56,4.31,6.8,16.74,8.03,0.03,38.01,0.76,Data validated @1040 hrs.  (GLJ)
20121003,03-Oct-2012,0.149,0.851,0,14.07,7.6,5.87,9.72,16.84,7.54,4.45,6.55,16.56,7.95,0.03,38.69,0.8,Data validated @ 0934 hrs.  (GLJ)
20121004,04-Oct-2012,0.175,0.825,0,13.17,7.6,5.16,10.14,16.73,7.58,4.6,6.79,16.33,7.97,0.02,38.87,0.77,
20121005,05-Oct-2012,0.304,0.696,0,9.51,7.62,3.52,11.91,16.52,7.63,5.24,6.94,15.08,7.88,0.02,38.7,0.76,
20121006,06-Oct-2012,0.326,0.674,0,7.78,7.6,2.95,12.56,16.05,7.68,4.8,7.16,13.91,7.87,0.03,38.4,0.75,
20121007,07-Oct-2012,0.328,0.672,0,6.89,7.62,2.67,12.93,15.55,7.67,4.49,7.17,13.31,7.98,0.03,38.68,0.78,Data validated 0740 hrs.  (GLJ)
20121008,08-Oct-2012,0.246,0.726,0.028,7.34,7.62,2.93,12.51,15.32,7.67,4.57,7.17,13.63,8,0.03,38.99,0.85,Data validated @ 0800 hrs.  (GLJ)
20121009,09-Oct-2012,0.206,0.748,0.046,7.94,7.62,3.19,12.07,15.03,7.66,4.72,6.7,13.62,8.03,0.03,39.37,0.77,Data validated @ 0824 hrs.  (GLJ)
20121010,10-Oct-2012,0.216,0.724,0.06,7.5,7.59,2.88,12.4,14.77,7.65,4.69,6.29,13.39,8.01,0.02,39.35,0.73,Data validated @ 0750 hrs.  (GLJ)
20121011,11-Oct-2012,0.351,0.574,0.074,7.92,7.62,30.42,11.93,14.51,7.64,4.68,6.36,12.62,7.95,0.03,39.07,0.75,
20121012,12-Oct-2012,0.304,0.653,0.043,9.09,7.61,10.23,11.5,14.3,7.62,4.81,6.25,12.85,7.93,0.03,38.62,0.79,
20121013,13-Oct-2012,0.287,0.669,0.044,8.78,7.61,8.73,11.58,14.07,7.62,4.91,6.37,12.97,7.98,0.03,39.05,0.81,
20121014,14-Oct-2012,0.312,0.633,0.055,8.95,7.59,7.9,11.54,13.79,7.62,4.84,6.47,12.59,8,0.03,39.02,0.83,
20121015,15-Oct-2012,0.299,0.648,0.053,9.63,7.59,10.31,11.28,13.73,7.62,5.04,6.47,12.75,8.04,0.03,38.85,0.82,
20121016,16-Oct-2012,0.391,0.577,0.032,10,7.61,15.52,10.79,13.65,7.62,5.14,6.49,12.65,8.02,0.02,38.43,0.76,Data validated @ 1305 hrs.
20121017,17-Oct-2012,0.504,0.449,0.047,9.09,7.62,12.26,10.31,13.73,7.68,5,6.79,11.91,7.93,0.02,39.07,0.74,Data validated @ 0800 hrs.  (GLJ)
20121018,18-Oct-2012,0.477,0.46,0.063,6.94,7.63,5.95,11.44,13.37,7.71,5.38,6.96,10.8,8,0.02,38.75,0.78,Data validated @ 0800 hrs.  (GLJ)
20121019,19-Oct-2012,0.44,0.507,0.053,7.01,7.61,5.24,11.73,13.07,7.72,5.81,7.03,10.41,8.01,0.02,38.79,0.8,
20121020,20-Oct-2012,0.377,0.598,0.025,7.86,7.61,6.21,11,12.93,7.71,5.92,7.04,11.12,7.87,0.02,37.6,0.78,
20121021,21-Oct-2012,0.394,0.576,0.031,8.34,7.6,5.85,11.02,12.83,7.69,5.96,6.95,11.36,7.97,0.02,37.27,0.75,Data validated @ 0840 hrs.  (GLJ)
20121022,22-Oct-2012,0.416,0.553,0.031,8.8,7.6,5.97,10.88,12.76,7.66,6.03,6.83,11.41,8.01,0.02,37.86,0.78,Data validated @ 0810 hrs.  (GLJ)
20121023,23-Oct-2012,0.434,0.525,0.041,8.48,7.61,7.39,9.49,12.7,7.63,5.98,6.72,11.26,7.95,0.02,38.35,0.81,
20121024,24-Oct-2012,0.451,0.514,0.035,8.68,7.6,5.61,8.44,12.6,7.61,6,6.65,11.19,8,0.02,37.77,0.81,Data validated @ 1015 hrs.  (GLJ)
20121025,25-Oct-2012,0.52,0.439,0.041,6.36,7.61,4.93,9.85,12.3,7.64,5.53,6.87,9.93,7.99,0.03,37.76,0.76,Data validated @ 1212 hrs.  (GLJ)
20121026,26-Oct-2012,0.543,0.404,0.053,4.58,7.62,3.71,10.57,12.12,7.73,5.49,7.29,8.55,8,0.03,37.63,0.76,
20121027,27-Oct-2012,0.514,0.438,0.048,3.96,7.64,3.12,10.75,11.86,7.77,5.65,7.47,8.19,7.95,0.03,37.4,0.81,
20121028,28-Oct-2012,0.38,0.584,0.036,4.44,7.64,3.14,10.57,11.65,7.75,5.8,7.4,8.96,7.89,0.02,37.59,0.82,
20121029,29-Oct-2012,0.351,0.618,0.031,5.15,7.62,3.26,10.35,11.48,7.69,5.91,7.19,9.45,7.99,0.03,37.65,0.8,Data validated @ 0745 hrs.  (GLJ)
20121030,30-Oct-2012,0.33,0.643,0.027,5.66,7.61,3.36,10.19,11.35,7.65,5.75,7.04,9.66,7.97,0.03,37.75,0.76,Data validated @ 0900 hrs.  (GLJ)
20121031,31-Oct-2012,0.344,0.611,0.045,6.45,7.6,3.85,9.96,11.32,7.62,5.92,6.89,9.89,7.96,0.03,38,0.77,Data validated @ 0800 hrs.  (GLJ)
20121101,01-Nov-2012,0.465,0.492,0.043,6.72,7.61,3.68,9.9,11.24,7.61,5.8,6.82,9.6,7.87,0.03,38.43,0.78,
20121102,02-Nov-2012,0.485,0.469,0.046,6.45,7.63,3.71,10,11.2,7.6,5.65,6.83,9.23,7.87,0.03,37.67,0.79,
20121103,03-Nov-2012,0.36,0.582,0.058,6,7.63,3.6,10.23,11.1,7.59,5.72,6.8,9.49,7.89,0.03,37.08,0.8,
20121104,04-Nov-2012,0.387,0.575,0.038,5.43,7.63,3.25,10.49,11.02,7.58,5.81,6.82,9.15,8.08,0.03,38.26,0.77,
20121105,05-Nov-2012,0.422,0.53,0.047,5.88,7.65,3.26,10.34,10.96,7.58,5.75,6.8,9.09,8.07,0.03,39.02,0.76,
20121106,06-Nov-2012,0.438,0.493,0.069,6.38,7.66,17.64,9.94,10.94,7.58,5.63,6.83,9.14,8.17,0.03,39.55,0.73,
20121107,07-Nov-2012,0.448,0.503,0.05,6.25,7.67,19.51,10.04,10.95,7.56,5.73,6.71,9.21,8,0.03,39.44,0.77,
20121108,08-Nov-2012,0.442,0.545,0.013,5.84,7.67,11.62,10.21,10.85,7.56,5.83,6.76,8.96,8.13,0.03,40.63,0.78,
20121109,09-Nov-2012,0.468,0.501,0.031,5.19,7.71,9.14,9.94,10.79,7.58,5.77,6.86,8.53,7.98,0.03,40.48,0.78,
20121110,10-Nov-2012,0.468,0.501,0.031,4.5,7.72,5.66,9.36,10.68,7.57,5.64,6.88,8.26,8.1,0.03,39.58,0.77,
20121111,11-Nov-2012,0.492,0.475,0.034,2.5,7.71,3.57,11.42,10.54,7.64,5.02,7.24,7.1,8.1,0.03,38.87,0.78,
20121112,12-Nov-2012,0.498,0.459,0.043,1.63,7.7,2.68,11.9,10.2,7.71,5.01,7.55,6.23,7.7,0.03,37.56,0.79,
20121113,13-Nov-2012,0.514,0.443,0.043,1.54,7.73,2.56,11.87,9.91,7.73,5.16,7.65,5.98,7.99,0.03,37.8,0.79,Data varified @ 0900 hrs.  (GLJ)
20121114,14-Nov-2012,0.549,0.378,0.073,1.43,7.76,3.31,11.03,9.88,7.72,5.05,7.59,5.4,7.98,0.03,38.32,0.77,Data Validated @ 1052 hrs.  (GLJ)
20121115,15-Nov-2012,0.538,0.45,0.012,1.48,7.74,3.91,10.56,9.73,7.71,5.03,7.62,5.54,8.14,0.03,39.71,0.76,Data Validated @ 1239 hrs.  (GLJ)
20121116,16-Nov-2012,0.554,0.446,0,1.52,7.72,3.13,10.57,9.66,7.71,4.98,7.61,5.58,7.87,0.03,38.26,0.79,
20121117,17-Nov-2012,0.467,0.533,0,1.89,7.69,2.75,10.37,9.53,7.72,4.91,7.69,6.12,7.83,0.03,37.95,0.8,
20121118,18-Nov-2012,0.497,0.503,0,2.84,7.68,3.82,10.01,9.48,7.69,5.03,7.56,6.48,7.93,0.03,37.93,0.75,
20121119,19-Nov-2012,0.498,0.502,0,2.91,7.7,4.36,10.07,9.38,7.72,5.21,7.42,6.55,8.02,0.03,37.4,0.73,Data validated @ 0740 hrs.  (GLJ)
20121120,20-Nov-2012,0.504,0.496,0,1.95,7.73,2.66,10.5,9.27,7.7,5.09,7.39,6.03,8.01,0.03,37.73,0.8,
20121121,21-Nov-2012,0.489,0.511,0,2.15,7.75,1.81,10.43,9.26,7.72,4.99,7.45,6.09,7.9,0.03,37.71,0.79,
20121122,22-Nov-2012,0.499,0.501,0,2.9,7.73,1.64,10.04,9.25,7.73,4.95,7.55,6.32,7.92,0.03,37.8,0.75,Data validated @ 1120 hrs.  (GLJ)
20121123,23-Nov-2012,0.493,0.507,0,2.48,7.72,1.52,10.39,9.18,7.82,4.69,7.89,6.42,8,0.03,38.06,0.74,
20121124,24-Nov-2012,0.498,0.502,0,1.58,7.78,1.3,10.72,9.02,7.83,4.87,7.95,5.73,7.91,0.03,38.41,0.77,
20121125,25-Nov-2012,0.489,0.511,0,1.64,7.8,1.62,10.59,8.94,7.84,4.66,8.06,5.75,7.92,0.03,38.56,0.8,Data validated @ 0910 hrs.  (GLJ)
20121126,26-Nov-2012,0.457,0.543,0,1.61,7.77,1.91,10.6,8.77,7.85,4.7,8.11,5.79,8.01,0.03,38.59,0.82,
20121127,27-Nov-2012,0.425,0.575,0,1.34,7.81,1.65,10.82,8.53,7.85,4.93,8.18,5.87,8,0.03,39.41,0.78,Data validated @ 0740 hrs.  (GLJ)
20121128,28-Nov-2012,0.44,0.56,0,1.23,7.82,1.59,10.8,8.28,7.85,4.9,8.19,5.58,7.96,0.03,39.72,0.77,Data validated @ 0930 hrs.  (GLJ)
20121129,29-Nov-2012,0.432,0.568,0,1.17,7.86,2.25,10.73,8.21,7.86,4.82,8.21,5.5,7.94,0.03,39.14,0.79,Data validated @ 1015 hrs.  (GLJ)
20121130,30-Nov-2012,0.432,0.568,0,1.15,7.82,4.75,10.68,8.11,7.85,4.82,8.19,5.46,7.94,0.03,38.65,0.78,
20121201,01-Dec-2012,0.42,0.58,0,1.32,7.78,3.99,10.58,8.09,7.82,5.03,8.08,5.52,7.96,0.03,38.22,0.79,
20121202,02-Dec-2012,0.433,0.567,0,2.58,7.77,2.22,10.14,8.09,7.82,5,8.07,6,7.91,0.03,37.76,0.77,Data validated @ 0900 hrs.  (GLJ)
20121203,03-Dec-2012,0.417,0.583,0,2.74,7.78,2.04,10.09,8.07,7.88,4.61,8.37,6.13,7.94,0.03,38.07,0.76,Data validated @ 0830 hrs.  (GLJ)
20121204,04-Dec-2012,0.431,0.569,0,1.87,7.79,1.82,10.65,7.95,7.9,4.58,8.42,5.98,8.03,0.03,38.1,0.74,Data validated @ 0840 hrs.  (GLJ)
20121205,05-Dec-2012,0.467,0.533,0,1.35,7.83,1.74,10.81,7.85,7.88,4.58,8.33,5.26,8.03,0.03,38.22,0.75,
20121206,06-Dec-2012,0.493,0.507,0,2.66,7.83,2.31,10.19,7.79,7.86,4.74,8.28,5.51,7.83,0.03,38.09,0.8,Data validated @ 0810 hrs.  (GLJ)
20121207,07-Dec-2012,0.499,0.501,0,2.16,7.81,2.01,10.41,7.77,7.87,4.36,8.34,5.54,7.94,0.03,38.04,0.81,
20121208,08-Dec-2012,0.474,0.526,0,1.7,7.85,1.76,10.57,7.61,7.87,4.52,8.38,5.18,8,0.03,38.27,0.77,
20121209,09-Dec-2012,0.369,0.631,0,2.08,7.82,3.29,10.62,7.24,7.89,4.47,8.49,6.35,8.03,0.03,38.27,0.77,
20121210,10-Dec-2012,0,1,0,,,,,6.82,7.91,4.52,8.72,6.55,8.16,0.03,38.02,0.8,
20121211,11-Dec-2012,0,1,0,,,,,6.64,7.9,4.37,8.78,6.89,7.95,0.03,38.06,0.75,
20121212,12-Dec-2012,0.222,0.778,0,3.64,7.73,1.25,10.55,6.49,7.9,4.42,8.81,6.62,7.99,0.03,39.31,0.71,
20121213,13-Dec-2012,0.321,0.679,0,1.66,7.87,1.64,10.81,6.35,7.89,4.45,8.8,5.48,7.75,0.03,38.69,0.72,
20121214,14-Dec-2012,0.362,0.638,0,1.21,7.91,2.01,10.81,6.24,7.89,4.48,8.82,4.84,8.05,0.03,37.39,0.73,
20121215,15-Dec-2012,0.364,0.636,0,1.16,7.87,3.04,10.62,6.2,7.9,4.3,8.83,4.71,8.07,0.03,38.31,0.73,
20121216,16-Dec-2012,0.408,0.592,0,1.11,7.81,2.62,10.71,6.14,7.89,4.26,8.81,4.53,8.06,0.03,38.17,0.73,
20121217,17-Dec-2012,0.471,0.529,0,1.04,7.81,3.23,10.78,5.97,7.9,4.32,8.88,4.17,8.02,0.03,38.45,0.78,Data vaslidated @ 1129 hrs.  (GLJ)
20121218,18-Dec-2012,0.462,0.538,0,0.95,7.82,2.77,10.77,5.86,7.9,4.43,8.91,3.96,7.99,0.03,38.46,0.79,
20121219,19-Dec-2012,0.487,0.513,0,0.91,7.8,2.6,10.75,5.67,7.9,4.47,8.95,3.79,7.97,0.03,38.08,0.79,Data Validated @ 0733 hrs.  (GLJ)
20121220,20-Dec-2012,0.489,0.511,0,0.9,7.77,2.3,10.91,5.27,7.92,4.83,9.08,3.61,7.96,0.03,38.09,0.8,
20121221,21-Dec-2012,0.5,0.5,0,0.91,7.78,2.32,10.96,5.13,7.92,4.71,9.1,3.39,8,0.03,38.81,0.79,
20121222,22-Dec-2012,0.479,0.521,0,0.89,7.79,2.26,10.96,5.07,7.92,4.62,9.1,3.48,8.24,0.03,39.2,0.78,
20121223,23-Dec-2012,0.5,0.5,0,0.9,7.79,2.31,10.9,5.06,7.91,4.62,9.1,3.35,7.98,0.03,38.51,0.8,
20121224,24-Dec-2012,0.526,0.474,0,0.93,7.79,2.15,10.89,5.03,7.92,4.56,9.14,2.97,7.96,0.03,40.04,0.77,
20121225,25-Dec-2012,1,0,0,0.87,7.76,2.16,10.88,,,,,1.72,7.93,0.03,40.38,0.78,
20121226,26-Dec-2012,0.499,0.501,0,0.83,7.76,2.31,10.88,4.71,7.9,4.75,8.99,2.28,8.08,0.03,39.59,0.83,
20121227,27-Dec-2012,0.508,0.492,0,0.8,7.75,2.55,10.74,4.59,7.89,4.73,9.1,3.07,7.94,0.03,37.82,0.81,Data validated @ 0825 hrs.  (GLJ)
20121228,28-Dec-2012,0.503,0.497,0,0.77,7.72,4.05,10.82,4.41,7.91,4.52,9.19,2.98,8.05,0.03,37.64,0.78,
20121229,29-Dec-2012,0.483,0.517,0,0.75,7.7,4.61,10.94,4.27,7.92,4.54,9.24,2.93,7.94,0.03,37.95,0.73,
20121230,30-Dec-2012,0.555,0.445,0,0.75,7.71,3.84,10.9,4.28,7.9,4.6,9.2,2.77,7.95,0.03,38.22,0.76,
20121231,31-Dec-2012,0.547,0.453,0,0.73,7.71,3.66,10.9,4.14,7.91,4.61,9.24,2.69,8.09,0.03,38.77,0.77,
20130101,01-Jan-2013,0.563,0.437,0,0.73,7.7,3.28,10.94,4.16,7.89,4.64,9.21,2.63,7.85,0.03,37.78,0.79,Data validated @ 1010 hrs.  (GLJ)
20130102,02-Jan-2013,0.611,0.389,0,0.72,7.69,2.93,10.96,3.93,7.9,4.76,9.3,2.5,7.93,0.03,39.58,0.8,
20130103,03-Jan-2013,0.635,0.365,0,0.73,7.7,2.79,11.05,3.72,7.91,4.87,9.35,2.27,7.94,0.03,40.37,0.81,
20130104,04-Jan-2013,0.639,0.361,0,0.72,7.7,3.35,11.01,3.85,7.88,4.94,9.22,2.25,8.07,0.03,37.92,0.79,
20130105,05-Jan-2013,0.454,0.546,0,0.84,7.69,3.53,10.92,3.79,7.88,4.9,9.26,2.72,8.14,0.03,38.54,0.76,
20130106,06-Jan-2013,0.492,0.508,0,0.77,7.7,3.1,11.04,3.82,7.87,4.89,9.23,2.75,8.06,0.03,37.9,0.75,Data validated @ 0755 hrs.  (GLJ)
20130107,07-Jan-2013,0.54,0.46,0,0.72,7.72,4.48,10.9,3.88,7.83,5.24,9.08,2.56,7.97,0.03,36.92,0.77,Data validated @0856 hrs.  (GLJ)
20130108,08-Jan-2013,0.487,0.513,0,0.72,7.72,3.74,10.86,3.87,7.83,5.14,9.1,2.67,8.01,0.03,37.48,0.7,
20130109,09-Jan-2013,0.481,0.519,0,0.71,7.71,3.34,11.02,3.92,7.8,5.3,8.97,2.72,8.03,0.03,37.62,0.68,
20130110,10-Jan-2013,0.484,0.516,0,0.71,7.74,3.28,10.99,3.91,7.79,5.54,8.94,2.71,7.98,0.03,39.21,0.71,
20130111,11-Jan-2013,0.505,0.495,0,0.69,7.77,3.24,10.78,3.88,7.78,5.49,8.95,2.71,8.05,0.03,39.75,0.78,
20130112,12-Jan-2013,0.497,0.503,0,0.73,7.75,3.27,10.88,3.83,7.79,5.27,8.98,2.56,7.76,0.03,38.12,0.82,
20130113,13-Jan-2013,0.417,0.583,0,0.81,7.72,2.99,10.97,3.76,7.8,5.2,9.06,2.86,7.97,0.03,37.95,0.84,Data validated @ 1345 hrs. (GLJ)
20130114,14-Jan-2013,0.405,0.595,0,0.77,7.71,1.88,11.03,3.8,7.77,5.42,8.91,2.98,7.98,0.03,38.25,0.84,
20130115,15-Jan-2013,0.332,0.668,0,0.77,7.69,2.15,11.02,3.81,7.75,5.82,8.8,3.08,8.05,0.03,38.5,0.79,Data validated @ 1148 hrs.  (GLJ)
20130116,16-Jan-2013,0.284,0.716,0,0.82,7.7,2.63,11.09,3.84,7.72,5.83,8.78,3.39,8.16,0.04,38.35,0.8,Data Validated @ 1217 hrs.  (GLJ)
20130117,17-Jan-2013,0.359,0.641,0,0.7,7.7,5.93,11.22,3.87,7.73,5.89,8.75,3.24,7.89,0.03,38.15,0.83,Data Validated @ 0729 hrs.  (GLJ)
20130118,18-Jan-2013,0.432,0.568,0,0.65,7.72,3.95,11.15,3.86,7.73,5.74,8.73,2.83,7.89,0.03,38.08,0.76,
20130119,19-Jan-2013,0.508,0.492,0,0.65,7.73,3.13,11.08,3.89,7.72,5.73,8.7,2.72,7.8,0.03,38.2,0.8,
20130120,20-Jan-2013,0.559,0.441,0,0.65,7.72,3.03,11.12,3.92,7.71,5.83,8.65,2.5,7.84,0.03,38.31,0.78,
20130121,21-Jan-2013,0.538,0.462,0,0.65,7.73,3.36,11.11,3.97,7.68,6.1,8.47,2.56,7.91,0.03,38.12,0.77,Data Validated @ 0840 hrs. (GLJ)
20130122,22-Jan-2013,0.552,0.448,0,0.66,7.73,3.02,11.04,3.99,7.68,6.13,8.47,2.57,8.05,0.03,38.59,0.8,
20130123,23-Jan-2013,0.481,0.519,0,1.06,7.86,3.14,11.08,4.12,7.65,6.13,8.48,2.69,8.17,0.03,38.72,0.77,Data validated @ 1147 hrs.  (GLJ)
20130124,24-Jan-2013,0.489,0.511,0,0,8.02,3.31,11.1,4.01,7.6,5.98,8.49,2.72,7.99,0.03,37.7,0.79,Data validated @ 0858 hrs.  (GLJ)
20130125,25-Jan-2013,0.486,0.514,0,0,,2.84,11.12,4.05,7.59,6.02,8.4,2.72,8.06,0.03,38.69,0.79,
20130126,26-Jan-2013,0.469,0.531,0,0,,2.76,11.14,4.05,7.6,5.97,8.43,2.78,8.02,0.03,39.19,0.79,
20130127,27-Jan-2013,0.493,0.507,0,0,,2.92,11.03,4.05,7.6,5.91,8.46,2.72,8.03,0.03,38.89,0.78,Data validated @ 0804 hrs.  (GLJ)
20130128,28-Jan-2013,0.466,0.534,0,0,,3.02,11.01,4.06,7.59,6,8.42,2.9,7.98,0.03,38.64,0.76,Data validated @ 1219 hrs.  (GLJ)
20130129,29-Jan-2013,0.475,0.494,0.03,0,8.05,2.61,11.04,4.09,7.56,6.19,8.33,3,7.91,0.03,38.32,0.73,Data validated @ 0720 hrs.  (GLJ)
20130130,30-Jan-2013,0.471,0.497,0.032,0,,2.26,11.15,4.08,7.57,6.15,8.33,3,7.96,0.03,38.48,0.72,
20130131,31-Jan-2013,0.494,0.476,0.031,0,,2.28,11.15,4.06,7.57,6.09,8.37,2.97,7.91,0.03,38.53,0.76,
20130201,01-Feb-2013,0.497,0.477,0.027,0,,2.33,11.23,4.06,7.57,6.35,8.43,2.94,7.92,0.03,38.54,0.81,
20130202,02-Feb-2013,0.51,0.456,0.033,0,,2.4,11.27,4.11,7.55,6.74,8.32,2.97,7.91,0.03,38.06,0.8,
20130203,03-Feb-2013,0.5,0.466,0.034,0,,2.39,11.28,4.11,7.55,6.45,8.33,2.95,8.07,0.03,38.22,0.81,Data validated @ 0820 hrs.  (GLJ)
20130204,04-Feb-2013,0.486,0.495,0.019,0.1,8,21.04,11.13,4.13,7.55,6.74,8.49,2.95,7.89,0.03,38.02,0.76,
20130205,05-Feb-2013,0,1,0,,,,,4.05,7.61,5.35,8.88,4.42,8.01,0.04,38.49,0.76,Data validated @ 0852 hrs.  (GLJ)
20130206,06-Feb-2013,0,1,0,,,,,4.06,7.62,4.93,8.95,4.52,7.89,0.04,38.32,0.79,Data validated @ 1215 hrs. (GLJ)
20130207,07-Feb-2013,0,1,0,,,,,4.1,7.6,5.14,8.8,4.59,7.8,0.04,37.53,0.78,Data validated @ 1115 hrs.  (GLJ)
20130208,08-Feb-2013,0.217,0.783,0,,7.98,26.13,,4.13,7.65,4.73,9.02,4.49,7.91,0.04,38.08,0.79,
20130209,09-Feb-2013,0.285,0.715,0,,7.86,0.85,,4.17,7.66,4.48,9.11,4.14,8.02,0.03,38.3,0.76,
20130210,10-Feb-2013,0.336,0.664,0,,7.87,0.38,,4.2,7.62,4.97,8.91,3.84,7.9,0.03,37.95,0.78,
20130211,11-Feb-2013,0.286,0.714,0,,7.88,0.28,,4.22,7.62,4.8,8.78,3.9,7.86,0.03,37.88,0.79,Data Validated @ 0831 hrs.  (GLJ)
20130212,12-Feb-2013,0.345,0.631,0.023,0.34,7.88,3.83,11.3,4.26,7.56,5.4,8.34,3.84,7.9,0.03,37.9,0.79,Data validated @ 1232 hrs.  (GLJ)
20130213,13-Feb-2013,0.402,0.567,0.031,0.21,7.9,7.24,11.28,4.23,7.62,4.73,8.82,3.57,8.06,0.03,38.9,0.79,Data Validated @ 0912 hrs.  (GLJ)
20130214,14-Feb-2013,0.467,0.485,0.047,0.13,7.94,14.29,11.28,4.28,7.58,5.16,8.67,3.33,7.89,0.03,37.7,0.81,
20130215,15-Feb-2013,0.497,0.469,0.034,0.03,7.9,8.55,11.37,4.26,7.61,4.84,8.71,3.11,7.86,0.03,37.95,0.8,
20130216,16-Feb-2013,0.489,0.48,0.031,0.03,7.89,2.34,11.36,4.24,7.64,4.21,8.95,3.15,7.9,0.03,38.13,0.77,
20130217,17-Feb-2013,0.508,0.457,0.036,0.06,7.88,0.78,11.25,4.3,7.62,4.75,8.84,3.16,7.96,0.03,37.96,0.78,
20130218,18-Feb-2013,0.499,0.465,0.036,0.06,7.88,0.83,11.18,4.26,7.72,3.8,9.45,3.1,8.09,0.03,37.86,0.79,
20130219,19-Feb-2013,0.465,0.506,0.029,0.05,7.88,4.32,11.29,4.3,7.6,4.7,8.77,3.23,7.91,0.03,37.85,0.76,Data validated @ 0730 hrs.  (GLJ)
20130220,20-Feb-2013,0.499,0.471,0.03,0,7.89,4.89,11.22,4.28,7.65,4.17,9.21,2.87,8.08,0.03,39.23,0.73,Data validated @ 0921 hrs.  (GLJ)
20130221,21-Feb-2013,0.49,0.475,0.035,0,7.89,1.13,11.12,4.31,7.67,4.25,9.06,2.81,8.11,0.03,39.69,0.76,Data validated @ 0750 hrs.  (GLJ)
20130222,22-Feb-2013,0.493,0.47,0.036,0.01,7.88,0.41,11.19,4.34,7.59,4.95,8.7,2.83,7.91,0.03,39.68,0.77,
20130223,23-Feb-2013,0.543,0.427,0.03,0,7.89,2.82,11.23,4.4,7.56,5.12,8.48,2.72,7.94,0.03,39.65,0.76,
20130224,24-Feb-2013,0.502,0.466,0.031,0,7.9,3.61,11.16,4.36,7.64,4.59,8.88,2.69,8.02,0.03,38.36,0.75,Data validated @ 1048 hrs.  (GLJ)
20130225,25-Feb-2013,0.519,0.45,0.031,0,7.89,9.92,11.29,4.27,7.7,3.9,9.3,2.66,8.05,0.03,38.53,0.76,
20130226,26-Feb-2013,0.559,0.41,0.031,0,7.9,13.4,11.19,4.27,7.63,4.16,9.05,2.5,7.93,0.03,38.14,0.75,
20130227,27-Feb-2013,0.608,0.358,0.034,0,7.9,9.58,11.32,4.36,7.5,5.3,8.19,2.43,7.93,0.03,37.49,0.75,
20130228,28-Feb-2013,0.648,0.319,0.032,0,7.89,5.91,11.39,4.3,7.59,4.34,8.79,2.22,7.98,0.03,37.11,0.8,
20130301,01-Mar-2013,0.644,0.325,0.032,0,7.9,4.44,11.39,4.3,7.57,4.53,8.68,2.27,8,0.03,37.61,0.79,
20130302,02-Mar-2013,0.645,0.318,0.036,0,7.9,4.24,11.4,4.31,7.61,4.27,8.9,2.23,8.12,0.03,37.42,0.81,
20130303,03-Mar-2013,0.644,0.32,0.036,0,7.88,3.91,11.27,4.32,7.63,4.22,9.02,2.3,8.15,0.03,37.8,0.8,Data validated @ 0840 hrs.  (GLJ)
20130304,04-Mar-2013,0.612,0.355,0.032,0.17,7.87,4.12,11.17,4.3,7.62,4.15,8.99,2.26,8.05,0.03,38.3,0.76,
20130305,05-Mar-2013,0.621,0.339,0.04,0.21,7.87,3.34,11.36,4.21,7.59,4.4,8.94,2.26,7.93,0.03,38.85,0.75,data valitated @1212 hrs.  (GLJ)
20130306,06-Mar-2013,0.558,0.392,0.05,0.24,7.87,3.07,,4.24,7.62,4.19,,2.48,8.03,0.03,38.34,0.77,data validated @ 0857 hrs.  (GLJ)
20130307,07-Mar-2013,0.573,0.365,0.062,0.28,7.87,3.23,,4.23,7.69,3.6,,2.52,8.15,0.03,38.4,0.78,data validated @1230 hrs.  (GLJ)
20130308,08-Mar-2013,0.567,0.397,0.035,0.31,7.85,3.77,11.86,4.25,7.68,3.73,8.68,2.54,7.95,0.03,38.21,0.81,
20130309,09-Mar-2013,0.632,0.331,0.037,0.28,7.86,3.31,11.78,4.29,7.63,4.03,8.54,2.43,7.84,0.03,38.17,0.8,
20130310,10-Mar-2013,0.688,0.28,0.031,0.28,7.89,8.23,11.96,4.05,7.8,3.04,9.38,1.95,7.78,0.03,37.99,0.82,
20130311,11-Mar-2013,0.683,0.286,0.031,0.49,7.88,8.32,11.83,4,7.79,3.16,9.32,2.1,7.97,0.03,38.1,0.82,Data validated @ 0826 hrs.  (GLJ)
20130312,12-Mar-2013,0.72,0.244,0.036,0.6,7.86,13.16,11.86,4.04,7.82,3.04,9.53,2.21,7.98,0.03,38.17,0.8,Data validated @1019 hrs.  (GLJ)
20130313,13-Mar-2013,0.679,0.288,0.033,0.63,7.86,9.65,11.97,4.09,7.85,3.06,9.68,2.27,7.83,0.03,37.66,0.78,Data validated @ 1153 hrs.  (GLJ)
20130314,14-Mar-2013,0.619,0.35,0.031,1.48,7.82,11.39,11.65,4.17,7.84,3.03,9.67,2.89,8.03,0.03,38.19,0.75,Data validated @1038 hrs.  (GLJ)
20130315,15-Mar-2013,0.57,0.388,0.041,3.29,7.75,10.41,10.97,4.38,7.85,3.04,9.7,4.04,7.8,0.03,37.57,0.75,
20130316,16-Mar-2013,0.475,0.493,0.031,5.07,7.7,13.16,10.49,4.45,7.84,3.03,9.72,5.31,7.71,0.03,37.56,0.78,
20130317,17-Mar-2013,0.478,0.488,0.034,4.14,7.71,26.29,10.84,4.56,7.86,3.01,9.78,4.78,7.68,0.03,37.22,0.78,Data validated @ 1215 hrs.  (GLJ)
20130318,18-Mar-2013,0.665,0.298,0.036,2.56,7.78,7.85,11.38,4.55,7.86,3.05,9.83,4.03,7.77,0.03,36.5,0.79,
20130319,19-Mar-2013,0.593,0.35,0.056,2.88,7.78,4.87,11.43,4.54,7.85,3.05,9.88,3.9,7.85,0.03,37.54,0.78,
20130320,20-Mar-2013,0.509,0.447,0.043,3.13,7.77,0.84,11.44,4.52,7.86,3.09,9.89,3.91,7.96,0.03,37.39,0.77,
20130321,21-Mar-2013,0.711,0.257,0.032,1.84,7.84,3.72,11.75,4.5,7.86,3.04,9.92,3.08,7.85,0.03,37.73,0.8,
20130322,22-Mar-2013,0.676,0.286,0.038,1.63,7.84,1.74,11.83,4.49,7.87,3.07,9.95,3,7.93,0.03,39.11,0.78,
20130323,23-Mar-2013,0.542,0.42,0.038,1.17,7.83,2.08,11.93,4.36,7.87,3.09,10.01,2.64,7.76,0.03,38.1,0.81,
20130324,24-Mar-2013,0.369,0.601,0.03,0.85,7.81,1.79,12.11,4.18,7.89,3.08,10.05,3.05,7.89,0.03,37.49,0.81,Data validated @ 1100 hrs.  (GLJ)
20130325,25-Mar-2013,0.489,0.495,0.016,0.62,7.86,2.48,12.31,4.14,7.9,3.05,10.06,2.61,7.76,0.06,37.62,0.77,Data validated @ 1220 hrs.  (GLJ)
20130326,26-Mar-2013,0.642,0.284,0.074,0.81,7.94,24,12.16,4.16,7.9,3.05,10.09,2.41,7.8,0.05,37.77,0.79,
20130327,27-Mar-2013,0.727,0.197,0.076,2.32,7.92,18.07,11.09,4.52,7.78,3.1,10.06,2.53,7.91,0.03,37.4,0.78,Data validated @ 0735 hrs.  (GLJ)
20130328,28-Mar-2013,0.734,0.21,0.056,4.62,7.85,4.9,10.01,4.41,7.68,3.01,10.12,5.04,7.91,0.03,37.23,0.78,Data validated @ 1215 hrs.  (GLJ)
20130329,29-Mar-2013,0.715,0.254,0.031,4.93,7.83,1.91,9.99,4.55,7.68,3.03,10.13,4.94,7.97,0.03,37.9,0.8,
20130330,30-Mar-2013,0.664,0.302,0.034,5.6,7.8,4.1,9.8,4.74,7.69,3.08,10.16,5.87,7.86,0.03,38.06,0.8,
20130331,31-Mar-2013,0.489,0.486,0.026,6.12,7.78,20.37,9.58,4.77,7.69,3.05,10.17,5.46,7.86,0.03,38.81,0.78,
20130401,01-Apr-2013,0.564,0.406,0.03,7.27,7.78,8.09,9.3,4.85,7.68,3.04,10.16,6.45,7.86,0.03,38.32,0.76,
20130402,02-Apr-2013,0.645,0.317,0.038,5.89,7.8,10.46,9.77,4.85,7.66,3.03,10.13,6.02,7.88,0.03,37.21,0.76,
20130403,03-Apr-2013,0.675,0.295,0.029,4.77,7.82,3.11,10.2,4.82,7.64,3.15,10.09,5.32,7.81,0.03,38.03,0.76,Data validated @ 0900 hrs.  (GLJ)
20130404,04-Apr-2013,0.701,0.274,0.025,8.31,7.79,6.54,9.14,4.88,7.63,3.13,10.08,6.71,7.82,0.03,38.89,0.82,
20130405,05-Apr-2013,0.677,0.295,0.028,9.37,7.8,9.09,8.9,4.92,7.62,3.18,10.05,8.36,7.91,0.03,38.48,0.77,
20130406,06-Apr-2013,0.696,0.266,0.038,7.48,7.81,9.63,9.46,5.1,7.63,3.07,10.11,7.29,7.95,0.03,38.6,0.73,
20130407,07-Apr-2013,0.745,0.2,0.055,8.04,7.81,4.84,9.34,5.04,7.61,3.09,10.05,7.61,7.88,0.03,38.26,0.76,Data validated @ 1030 hrs.  (GLJ)
20130408,08-Apr-2013,0.728,0.242,0.031,8.64,7.8,3.89,9.15,5.12,7.61,3.17,10.06,8.33,7.9,0.03,38.27,0.78,data validated @ 1255 hrs.  (GLJ)
20130409,09-Apr-2013,0.699,0.266,0.035,6.36,7.81,2.44,9.85,5.31,7.63,3.02,10.15,7.92,7.81,0.03,38.89,0.78,Data validated @ 0826 hrs.  (GLJ)
20130410,10-Apr-2013,0.697,0.259,0.045,2.39,7.89,3.97,11.32,5.21,7.65,3,10.16,4.45,7.87,0.03,39.05,0.79,
20130411,11-Apr-2013,0.72,0.194,0.086,3.1,7.87,2.04,10.87,5.35,7.71,2.97,10.27,4.42,7.87,0.03,39.05,0.77,
20130412,12-Apr-2013,0.707,0.243,0.05,4.8,7.84,1.51,10.33,5.38,7.71,2.98,10.29,5.38,8.1,0.03,38.36,0.77,
20130413,13-Apr-2013,0.71,0.258,0.032,6.63,7.82,1.44,9.71,5.47,7.73,2.98,10.3,6.94,8.02,0.02,38.06,0.77,
20130414,14-Apr-2013,0.703,0.262,0.035,6.01,7.85,1.75,9.91,5.68,7.75,3,10.36,6.81,7.87,0.03,37.9,0.81,
20130415,15-Apr-2013,0.72,0.224,0.056,4.5,7.88,2.08,10.43,5.56,7.72,3.03,10.32,6.22,7.85,0.03,38.03,0.79,
20130416,16-Apr-2013,0.582,0.353,0.065,1.1,7.91,4.89,11.54,5.37,7.72,3.09,10.31,3.56,8.09,0.03,38,0.77,
20130417,17-Apr-2013,0.551,0.369,0.079,0.79,7.84,2.95,11.58,5.2,7.72,3.1,10.3,3.34,7.99,0.03,38.75,0.74,
20130418,18-Apr-2013,0.563,0.406,0.031,0.71,7.81,3.29,11.67,5.02,7.75,3.16,10.31,3.18,8.1,0.03,39.23,0.81,Data validated @ 1206 hrs.  (GLJ)
20130419,19-Apr-2013,0.623,0.343,0.035,1.64,7.81,2.51,11.38,5,7.74,3.17,10.32,3.41,7.96,0.03,37.94,0.77,
20130420,20-Apr-2013,0.636,0.301,0.064,5.26,7.71,12.08,10.1,5.03,7.72,3.14,10.28,5.41,7.91,0.03,37.62,0.74,
20130421,21-Apr-2013,0.644,0.296,0.06,6.64,7.69,17.82,9.76,5.06,7.71,3.11,10.23,6.78,7.86,0.03,37.97,0.78,Data validated @ 0811 hrs.  (GLJ)
20130422,22-Apr-2013,0.487,0.482,0.031,6.82,7.69,22.09,9.7,5.14,7.71,3.23,10.22,6.92,7.87,0.03,38.96,0.77,
20130423,23-Apr-2013,0.511,0.455,0.033,3.1,7.76,15,11.28,5.08,7.71,3.16,10.23,5.29,7.82,0.03,38.04,0.78,
20130424,24-Apr-2013,0.56,0.419,0.021,4.6,7.74,14.99,9.73,5.1,7.7,3.28,10.2,5.17,7.97,0.03,38.11,0.77,
20130425,25-Apr-2013,0.491,0.477,0.032,5.77,7.75,17.06,9.71,5.14,7.7,3.16,10.19,5.96,8.01,0.03,37.86,0.76,
20130426,26-Apr-2013,0.545,0.426,0.03,6.37,7.74,16.71,9.99,5.24,7.69,3.13,10.18,6.32,7.8,0.03,38.54,0.72,
20130427,27-Apr-2013,0.504,0.468,0.028,8.95,7.66,23.74,9.17,5.3,7.68,3.19,10.12,7.79,7.9,0.03,37.68,0.75,
20130428,28-Apr-2013,0.296,0.681,0.023,10.38,7.58,42.17,8.52,5.38,7.67,3.23,10.12,7.49,7.93,0.03,38.15,0.75,
20130429,29-Apr-2013,0.178,0.804,0.018,8.4,7.53,99.97,8.99,5.48,7.66,3.24,10.11,6.15,8.11,0.03,37.79,0.76,
20130430,30-Apr-2013,0,0.939,0.061,,,,,5.6,7.66,3.16,10.11,6.05,7.89,0.03,37.42,0.77,
20130501,01-May-2013,0,0.957,0.043,,,,,5.82,7.68,3.19,10.08,6.12,7.84,0.04,37.21,0.77,Data validated @ 1135 hrs  (GLJ)
20130502,02-May-2013,0,0.965,0.035,,,,,5.65,7.66,3.27,10.05,5.89,7.96,0.04,38.44,0.78,Data validated @ 0745 hrs.  (GLJ)
20130503,03-May-2013,0,0.984,0.016,,,,,5.72,7.66,3.24,10.05,5.89,7.97,0.04,37.73,0.75,
20130504,04-May-2013,0,0.97,0.03,,,,,5.8,7.65,3.22,10.02,6.05,7.91,0.04,38.06,0.74,
20130505,05-May-2013,0,0.969,0.031,,,,,5.79,7.63,3.21,9.97,6.05,7.89,0.04,38.08,0.78,Data validated @1005 hrs.  (GLJ)
20130506,06-May-2013,0,0.967,0.033,,,,,5.8,7.63,3.19,9.94,6.07,7.95,0.04,37.71,0.78,
20130507,07-May-2013,0,0.961,0.039,,,,,5.85,7.62,3.15,9.91,6.21,7.9,0.04,37.08,0.75,
20130508,08-May-2013,0,0.968,0.032,,,,,5.91,7.61,3.12,9.91,6.17,7.95,0.03,37.73,0.73,
20130509,09-May-2013,0,0.97,0.03,,,,,5.99,7.46,3.33,9.83,6.13,7.86,0.04,38.09,0.79,
20130510,10-May-2013,0,0.969,0.031,,,,,5.99,7.29,3.13,9.86,6.17,7.86,0.03,37.21,0.8,
20130511,11-May-2013,0,0.97,0.03,,,,,6,7.28,3.11,9.81,6.2,7.91,0.03,37.08,0.77,
20130512,12-May-2013,0,0.97,0.03,,,,,6.14,7.29,3.1,9.84,6.31,7.94,0.04,37.14,0.78,
20130513,13-May-2013,0,0.969,0.031,,,,,6.21,7.44,3.25,9.79,6.35,7.98,0.04,37.78,0.77,
20130514,14-May-2013,0,0.975,0.025,,,,,6.26,7.65,3.16,9.8,6.34,7.89,0.03,38.42,0.78,
20130515,15-May-2013,0,0.971,0.029,,,,,6.24,7.62,3.11,9.73,6.31,7.94,0.03,38.45,0.8,
20130516,16-May-2013,0,0.943,0.057,,,,,6.23,7.62,3.1,9.71,6.62,7.94,0.03,39.47,0.77,
20130517,17-May-2013,0,0.958,0.042,,,,,6.32,7.61,3.08,9.72,6.65,8.06,0.03,37.82,0.79,
20130518,18-May-2013,0,0.979,0.021,,,,,6.32,7.62,3.14,9.68,6.31,7.89,0.04,37.27,0.78,
20130519,19-May-2013,0,0.979,0.021,,,,,6.33,7.62,3.11,9.66,6.26,8.01,0.04,37.48,0.77,Data validated @ 0907 hrs.  (GLJ)
20130520,20-May-2013,0,0.95,0.05,,,,,6.35,7.61,3.11,9.63,6.49,8.07,0.03,37.52,0.76,Data validated @ 0805 hrs.  (GLJ)
20130521,21-May-2013,0,0.967,0.033,,,,,6.38,7.63,3.01,9.66,6.78,7.91,0.04,37.85,0.77,
20130522,22-May-2013,0,0.979,0.021,,,,,6.43,7.62,3.03,9.65,6.55,7.93,0.03,37.91,0.82,Data validated @ 1011 hrs.  (GLJ)
20130523,23-May-2013,0,0.975,0.025,,,,,6.44,7.61,3.05,9.62,6.53,8.04,0.03,38.83,0.78,
20130524,24-May-2013,0,0.973,0.027,,,,,6.44,7.61,2.99,9.6,6.63,7.92,0.03,37.85,0.74,
20130525,25-May-2013,0,0.973,0.027,,,,,6.53,7.6,3.02,9.58,6.67,8.01,0.03,37.07,0.77,
20130526,26-May-2013,0,0.98,0.02,,,,,6.6,7.61,2.94,9.58,6.66,7.97,0.03,37.25,0.8,
20130527,27-May-2013,0,0.971,0.029,,,,,6.59,7.6,2.97,9.54,6.7,7.96,0.03,37.49,0.79,
20130528,28-May-2013,0,0.974,0.026,,,,,6.62,7.61,2.86,9.54,6.68,7.89,0.03,37.34,0.8,Data validated @ 1048 (GLJ)
20130529,29-May-2013,0.135,0.842,0.022,9.41,7.9,89.3,3.27,6.64,7.6,5.75,9.51,6.84,8.02,0.03,38.74,0.79,
20130530,30-May-2013,0.237,0.717,0.045,8.63,7.49,65.13,10.1,6.64,7.59,5.76,9.48,7.59,8.1,0.04,37.4,0.76,
20130531,31-May-2013,0.3,0.676,0.024,8.56,7.49,35.24,9.99,6.73,7.59,5.65,9.48,7.36,7.82,0.04,36.3,0.77,
20130601,01-Jun-2013,0.246,0.736,0.018,8.53,7.5,24.22,10.05,6.72,7.59,5.62,9.44,7.21,7.84,0.03,37.16,0.81,
20130602,02-Jun-2013,0.25,0.728,0.022,8.48,7.5,16.66,10.13,6.81,7.6,5.52,9.43,7.28,7.93,0.03,37.57,0.78,
20130603,03-Jun-2013,0.291,0.677,0.032,9.74,7.45,27.54,9.63,6.88,7.57,5.57,9.38,7.78,8,0.03,37.03,0.73,
20130604,04-Jun-2013,0.328,0.647,0.025,9.52,7.39,16.95,9.76,6.97,7.56,5.51,9.36,7.9,7.87,0.03,35.87,0.75,
20130605,05-Jun-2013,0.341,0.627,0.032,9.32,7.34,11.94,9.39,6.98,7.57,5.46,9.32,7.97,7.9,0.03,36.29,0.79,
20130606,06-Jun-2013,0.289,0.688,0.024,9.62,7.32,11.87,9.66,6.98,7.56,5.47,9.27,7.86,7.97,0.03,37.53,0.83,
20130607,07-Jun-2013,0.273,0.681,0.046,13.27,7.06,5.86,7.95,7.16,7.56,5.49,9.22,8.17,8.03,0.03,37.77,0.75,
20130608,08-Jun-2013,0.272,0.69,0.038,11.43,7.19,4.67,5.98,7.13,7.55,5.43,9.24,7.92,7.86,0.03,37.15,0.77,
20130609,09-Jun-2013,0.317,0.644,0.039,15.55,6.78,4.3,5.13,7.29,7.56,5.25,9.23,8.44,7.79,0.03,36.13,0.78,
20130610,10-Jun-2013,0.328,0.644,0.028,13.28,7.04,14.77,7.63,7.3,7.54,5.34,9.17,8.57,7.88,0.03,36.87,0.77,
20130611,11-Jun-2013,0.311,0.665,0.024,11.38,7.29,17.4,9.48,7.32,7.54,5.31,9.14,8.47,7.83,0.03,38.56,0.78,
20130612,12-Jun-2013,0.323,0.646,0.031,11.98,7.28,8.97,8.13,7.34,7.52,5.28,9.09,8.63,7.85,0.03,38.26,0.79,
20130613,13-Jun-2013,0.479,0.486,0.036,15.51,7.02,5.77,6.93,7.39,7.53,5.24,9.05,9.59,7.91,0.03,36.96,0.75,
20130614,14-Jun-2013,0.491,0.48,0.029,17.74,6.64,5.05,6.18,7.42,7.52,5.29,9.01,9.9,7.93,0.03,36.17,0.77,
20130615,15-Jun-2013,0.47,0.508,0.022,12.32,7.33,9.64,9.29,7.4,7.51,5.42,8.92,9.83,7.91,0.03,37.33,0.8,
20130616,16-Jun-2013,0.493,0.471,0.035,11.71,7.37,7.03,9.51,7.44,7.51,5.28,8.92,9.91,7.86,0.03,38.08,0.77,
20130617,17-Jun-2013,0.498,0.467,0.035,11.22,7.37,7.16,9.19,7.41,7.5,5.3,8.57,9.72,7.88,0.03,38.19,0.78,
20130618,18-Jun-2013,0.342,0.624,0.033,12.16,7.38,6.96,8.43,7.4,7.5,5.24,8.21,9.14,7.72,0.03,37.77,0.82,
20130619,19-Jun-2013,0.5,0.465,0.035,12.19,7.36,4.92,8.44,7.52,7.42,5.25,8.17,9.92,7.96,0.03,37.97,0.73,
20130620,20-Jun-2013,0.496,0.472,0.032,12.77,7.35,5.93,8.24,7.36,7.37,5.16,8.17,10.42,7.96,0.03,38.86,0.77,
20130621,21-Jun-2013,0.497,0.479,0.024,12.94,7.36,6.06,8.27,7.42,7.38,5.04,8.16,10.37,7.77,0.03,38.17,0.78,
20130622,22-Jun-2013,0.506,0.449,0.046,13.5,7.36,5.61,7.65,7.47,7.37,5.11,8.1,10.89,7.86,0.03,38.56,0.78,
20130623,23-Jun-2013,0.566,0.401,0.032,12.85,7.37,5.21,8.11,7.48,7.36,5.09,8.07,11.22,7.96,0.03,38.72,0.85,
20130624,24-Jun-2013,0.485,0.493,0.021,13.18,7.37,5.14,7.41,7.52,7.36,5.16,8.01,10.58,7.87,0.03,37.37,0.83,
20130625,25-Jun-2013,0.496,0.473,0.031,13.8,7.37,5.02,8.01,7.54,7.35,5.18,7.97,10.91,7.97,0.03,38.57,0.79,
20130626,26-Jun-2013,0.44,0.533,0.027,14.34,7.36,4.91,7.91,7.57,7.35,5.12,7.95,11.01,7.81,0.03,37.61,0.79,
20130627,27-Jun-2013,0.37,0.6,0.03,15.25,7.32,4.94,7.72,7.69,7.34,5.21,7.9,10.46,7.91,0.03,37.81,0.82,
20130628,28-Jun-2013,0.434,0.539,0.027,15.62,7.23,4.45,6.88,7.71,7.34,5.08,7.88,11.71,7.85,0.03,39.19,0.8,
20130629,29-Jun-2013,0.166,0.795,0.039,16.02,7.31,3.41,6.86,7.76,7.35,5.04,7.87,8.8,7.79,0.03,39.42,0.77,
20130630,30-Jun-2013,0.145,0.837,0.019,15.85,7.27,3.68,7.06,7.77,7.34,5.13,7.8,8.96,7.89,0.03,39.81,0.79,
20130701,01-Jul-2013,0.186,0.784,0.03,15.53,7.33,6.84,7.39,7.76,7.34,5.12,7.78,9.13,7.88,0.03,39.07,0.78,
20130702,02-Jul-2013,0.324,0.658,0.018,14.71,7.36,12.83,8.29,7.78,7.34,5.22,7.73,8.86,7.64,0.03,38.55,0.79,
20130703,03-Jul-2013,0.128,0.841,0.031,14.34,7.32,7.33,,7.8,7.34,5.15,7.71,8.03,8.07,0.03,39.41,0.79,
20130704,04-Jul-2013,0.08,0.894,0.026,14.47,7.48,64.87,,7.82,7.33,5.1,7.7,7.67,7.8,0.03,38.88,0.78,
20130705,05-Jul-2013,0.079,0.891,0.03,14.3,7.54,42.72,,7.81,7.33,5.21,7.66,7.75,8.23,0.03,38.39,0.79,
20130706,06-Jul-2013,0.121,0.851,0.027,15.3,7.28,23.88,,7.75,7.32,5.26,7.59,8.18,8.18,0.03,37.09,0.8,
20130707,07-Jul-2013,0.094,0.883,0.024,16.06,7.34,40.81,,7.77,7.32,5.15,7.58,8.17,8.07,0.03,37.15,0.81,
20130708,08-Jul-2013,0.123,0.84,0.037,16.98,7.37,7.36,,7.79,7.32,5.22,7.53,8.74,7.9,0.03,36.43,0.78,
20130709,09-Jul-2013,0.151,0.819,0.03,16.2,7.56,8.48,,7.77,7.31,5.27,7.5,8.92,8.03,0.03,37.43,0.78,
20130710,10-Jul-2013,0.263,0.701,0.037,16.35,7.58,11.18,7.04,7.77,7.32,5.21,7.47,10,7.99,0.03,37.94,0.8,
20130711,11-Jul-2013,0.384,0.569,0.047,17.2,7.52,4.95,6.3,7.78,7.31,5.22,7.42,11.27,8.16,0.03,37.32,0.76,
20130712,12-Jul-2013,0.395,0.557,0.048,16.86,7.55,4.16,5.99,7.86,7.31,5.09,7.44,12.02,7.91,0.03,37.09,0.78,
20130713,13-Jul-2013,0,0.97,0.03,,,,,7.95,7.32,4.99,7.42,8.27,7.87,0.03,37.29,0.78,
20130714,14-Jul-2013,0,0.974,0.026,,,,,7.93,7.29,5.09,7.36,7.9,7.87,0.03,36.89,0.76,
20130715,15-Jul-2013,0,0.973,0.027,,,,,8.03,7.3,5.08,7.31,7.87,7.91,0.03,37.13,0.79,
20130716,16-Jul-2013,0.137,0.835,0.029,16.15,7.6,4.99,5.09,7.92,7.32,5.12,7.27,8.35,7.97,0.03,37.26,0.79,
20130717,17-Jul-2013,0.115,0.849,0.036,17.04,7.7,8.84,6.99,7.95,7.31,5.07,7.26,9.12,7.9,0.03,38.37,0.8,
20130718,18-Jul-2013,0.137,0.807,0.056,17.78,7.7,9.08,6.93,7.95,7.3,5.16,7.22,9.13,7.83,0.03,37.62,0.77,
20130719,19-Jul-2013,0,0.965,0.035,,,,,7.98,7.3,4.97,7.2,8.12,7.89,0.03,36.78,0.75,
20130720,20-Jul-2013,0,0.972,0.028,,,,,7.98,7.3,5.02,7.15,7.94,7.88,0.03,38.19,0.8,
20130721,21-Jul-2013,0,0.97,0.03,,,,,8,7.31,4.99,7.14,7.86,7.89,0.03,38.22,0.82,
20130722,22-Jul-2013,0.089,0.88,0.031,16.07,7.7,6.4,5.43,8.02,7.29,5.14,7.05,8.25,8.01,0.03,38.14,0.79,
20130723,23-Jul-2013,0.155,0.812,0.033,17.16,7.68,17.12,6.28,8.11,7.28,5.13,6.99,9.47,7.98,0.03,38.76,0.77,data has been validated 7/24/13 (sm)
20130724,24-Jul-2013,0.353,0.618,0.029,18.25,7.78,16.99,7.16,8.11,7.29,5.09,6.98,11.36,8.1,0.03,40.27,0.77,data validated 07/25/13 (sm)
20130725,25-Jul-2013,0.472,0.494,0.034,17.38,7.74,8.61,7.48,8.14,7.28,5.16,6.91,12.38,7.83,0.03,38.84,0.73,validated 07/26/13 (sm)
20130726,26-Jul-2013,0.155,0.818,0.027,16.82,7.88,6.9,7.12,8.11,7.29,5.09,6.91,8.94,7.9,0.03,37.86,0.78,
20130727,27-Jul-2013,0.104,0.867,0.029,17.43,7.97,7.32,6.75,8.16,7.3,5.05,6.88,8.89,7.92,0.03,38.27,0.77,
20130728,28-Jul-2013,0.193,0.765,0.042,17.16,7.86,10.83,6.91,8.18,7.29,5.12,6.81,9.97,7.98,0.03,37.31,0.74,
20130729,29-Jul-2013,0,0.971,0.029,,,,,8.17,7.28,5.18,6.75,8.28,7.97,0.03,38.3,0.77,Data validated 07/30/13 (sm)
20130730,30-Jul-2013,0.196,0.78,0.023,16.02,7.82,51,6.98,8.16,7.28,5.03,6.78,9.16,8.01,0.03,38.87,0.79,Data validated 07/31/13 (sm)
20130731,31-Jul-2013,0.192,0.77,0.038,16.79,7.81,39.9,7.14,8.24,7.27,5.21,6.67,9.92,7.95,0.03,38.3,0.75,
20130801,01-Aug-2013,0.296,0.68,0.024,17.62,7.81,22.4,7.11,8.33,7.27,5.08,6.68,11.13,7.99,0.03,38.71,0.75,Data validated 08/02/13 (sm)
20130802,02-Aug-2013,0.313,0.659,0.028,17.46,7.81,20,7.17,8.34,7.26,5.1,6.64,11.3,7.97,0.03,38.03,0.8,
20130803,03-Aug-2013,0.321,0.643,0.036,19.09,7.77,15.84,6.69,8.41,7.25,5.01,6.65,11.88,7.97,0.03,37.73,0.77,
20130804,04-Aug-2013,0.407,0.557,0.036,18.11,7.76,13.2,6.98,8.41,7.26,4.91,6.64,12.97,8.04,0.03,36.36,0.77,Data validated 08/05/2013 (sm)
20130805,05-Aug-2013,0.385,0.593,0.022,16.95,7.76,13.08,7.26,8.42,7.23,5,6.6,12.1,8.01,0.03,37.09,0.78,Data validated 08/06/13 (sm)
20130806,06-Aug-2013,0.482,0.469,0.049,16.26,7.8,5.95,7.32,8.53,7.26,4.88,6.53,13.26,7.94,0.03,37.82,0.74,Data validated 08/07/13 (sm)
20130807,07-Aug-2013,0.472,0.489,0.039,16.14,7.66,7.57,7.13,8.42,7.03,4.86,6.5,13.34,7.93,0.03,37.88,0.79,Data validated 08/08/2013 (sm)
20130808,08-Aug-2013,0.394,0.571,0.035,15.34,7.5,6.69,7.46,8.46,6.84,4.76,6.49,12,8.01,0.03,38.66,0.78,Data validated 08/09/13 (sm)
20130809,09-Aug-2013,0.473,0.494,0.033,15.59,7.51,6.05,7.71,8.46,6.84,4.72,6.46,12.61,7.95,0.03,38.34,0.78,
20130810,10-Aug-2013,0.586,0.393,0.021,15.72,7.5,7.07,7.71,8.46,6.83,4.77,6.39,13.49,7.94,0.03,38.53,0.77,
20130811,11-Aug-2013,0.517,0.455,0.028,16.12,7.51,6.28,7.36,8.5,6.83,4.68,6.39,13.55,7.88,0.03,38.27,0.76,Data validated 08/12/13 (sm)
20130812,12-Aug-2013,0.567,0.402,0.032,16.24,7.49,3.43,7.61,8.59,7.07,4.82,6.35,13.56,8.02,0.03,37.66,0.75,Data validated 08/13/13 (sm)
20130813,13-Aug-2013,0.512,0.469,0.019,15.63,7.49,4.7,7.59,8.48,7.07,4.72,6.29,13.94,7.97,0.03,38.14,0.75,Data validated 08/14/13 (sm)
20130814,14-Aug-2013,0.215,0.759,0.027,15.85,7.32,5.63,5.98,8.53,7.08,4.56,6.3,9.73,7.97,0.03,37.71,0.76,Data validated 08/15/13 (sm)
20130815,15-Aug-2013,0.428,0.545,0.027,15.64,7.32,11.71,6.61,8.53,7.07,4.68,6.21,12.15,8.05,0.03,37.94,0.77,Data validated 08/16/13 (sm)
20130816,16-Aug-2013,0.476,0.497,0.027,16.12,7.49,9.21,7.05,8.6,7.06,4.73,6.13,13,8,0.03,37.62,0.77,
20130817,17-Aug-2013,0.473,0.5,0.027,16.46,7.49,6.05,6.85,8.66,7.05,4.71,6.11,12.96,8.01,0.03,37.75,0.8,
20130818,18-Aug-2013,0.51,0.455,0.036,16.35,7.5,4.25,5.19,8.7,7.05,4.67,6.09,13.55,8.07,0.03,38.79,0.79,Data validated 08/19/13 (sm)
20130819,19-Aug-2013,0.464,0.504,0.032,16.39,7.52,3.98,6.44,8.69,7.05,4.74,6.03,12.83,7.93,0.03,37.64,0.79,Data validated 08/20/13 (sm)
20130820,20-Aug-2013,0.552,0.405,0.043,17.07,7.53,5.95,7.21,8.73,7.05,4.64,6.03,13.54,8.03,0.03,37.58,0.76,Data validated 08/21/13 (sm)
20130821,21-Aug-2013,0.534,0.422,0.043,17.38,7.54,5.21,7.09,8.75,7.04,4.7,5.96,14.06,7.86,0.03,38.91,0.77,Data validated 08/22/13 (sm)
20130822,22-Aug-2013,0.485,0.463,0.052,17.49,7.56,4.48,7.03,8.81,7.04,4.81,5.89,13.29,8.01,0.03,38.54,0.76,Data validated 08/23/13 (sm)
20130823,23-Aug-2013,0.442,0.542,0.016,17.2,7.55,4.76,6.86,8.78,7.05,4.66,5.9,13.05,7.97,0.03,37.92,0.77,
20130824,24-Aug-2013,0.182,0.792,0.026,17.28,7.52,4.27,6.25,8.8,7.05,4.6,5.87,9.06,7.9,0.03,37.81,0.77,
20130825,25-Aug-2013,0.112,0.864,0.023,17.76,7.48,24.7,6.3,8.83,7.04,4.61,5.81,9.5,7.95,0.03,38.1,0.78,Data validated 08/26/13 (sm)
20130826,26-Aug-2013,0.248,0.72,0.031,16.98,7.49,18.28,6.57,8.85,7.04,4.63,5.77,10.69,7.94,0.03,37.61,0.78,Data validated 08/27/13 (sm)
20130827,27-Aug-2013,0.543,0.425,0.031,17.46,7.53,11.05,6.76,8.85,7.04,4.7,5.69,14.04,7.93,0.03,36.56,0.77,Data validated 08/28/2013 (sm)
20130828,28-Aug-2013,0.536,0.422,0.042,17.51,7.48,5.65,6.7,8.86,7.03,4.61,5.7,15.13,7.93,0.03,37.24,0.79,Data validated 08/29/13 (sm)
20130829,29-Aug-2013,0.596,0.371,0.033,17.22,7.57,8.85,6.98,8.9,7.03,4.55,5.66,14.9,8.02,0.03,38.14,0.76,Data validated 08/30/13 (sm)
20130830,30-Aug-2013,0.604,0.362,0.033,17.03,7.55,7.16,7.04,8.91,7.03,4.56,5.56,14.98,8.01,0.03,38.28,0.78,
20130831,31-Aug-2013,0.517,0.453,0.03,16.64,7.54,11.91,7.08,8.93,7.03,4.45,5.59,14.21,7.91,0.03,37.73,0.78,
20130901,01-Sep-2013,0.562,0.408,0.03,16.83,7.54,6.02,6.92,8.94,7.03,4.53,5.49,14.01,8.1,0.03,38.49,0.78,
20130902,02-Sep-2013,0.599,0.38,0.02,16.98,7.48,6.86,6.53,8.97,7.03,4.48,5.45,14.8,8,0.03,38.06,0.78,Data validated 09/03/13 (sm)
20130903,03-Sep-2013,0.593,0.381,0.026,17.44,7.52,5.67,6.92,9.02,7.03,4.46,5.42,15.16,7.88,0.03,38.35,0.77,Data validated 09/04/13 (sm)
20130904,04-Sep-2013,0.543,0.429,0.028,17.72,7.54,4.59,6.86,9.25,7.02,4.55,5.35,15.02,7.8,0.03,37.45,0.76,Data validated 09/05/13 (sm)
20130905,05-Sep-2013,0.502,0.468,0.03,17.71,7.62,4.32,6.86,9.07,6.77,4.58,5.3,14.42,7.8,0.03,38.54,0.78,Data validated 09/06/13 (sm)
20130906,06-Sep-2013,0.364,0.616,0.02,17.72,7.55,5.77,6.59,9.11,6.77,4.64,5.28,11.65,7.69,0.03,37.98,0.81,
20130907,07-Sep-2013,0,0.974,0.026,,,,,9.16,6.77,4.64,5.26,9.29,7.99,0.03,37.85,0.8,
20130908,08-Sep-2013,0,0.977,0.023,,,,,9.19,6.77,4.77,5.18,9.16,7.99,0.03,38.35,0.77,Data validated 09/09/13 (sm)
20130909,09-Sep-2013,0,0.964,0.036,,,,,9.26,6.77,4.69,5.17,9.28,7.97,0.03,38.35,0.77,Data validated 09/10/13 (sm)
20130910,10-Sep-2013,0,0.961,0.039,,,,,9.37,6.77,4.76,5.08,9.3,7.89,0.03,38.35,0.73,Data validated 09/11/13 (sm)
20130911,11-Sep-2013,0,0.957,0.043,,,,,9.43,6.76,4.87,5.02,9.34,7.92,0.03,37.92,0.75,Data validated 09/12/13 (sm)
20130912,12-Sep-2013,0,0.956,0.044,,,,,9.38,6.76,5.05,4.94,9.21,7.99,0.03,40.59,0.8,
20130913,13-Sep-2013,0,0.946,0.054,,,,,9.35,6.77,5.16,4.93,9.41,7.97,0.03,38.85,0.78,
20130914,14-Sep-2013,0,0.975,0.025,,,,,9.35,6.76,5.2,4.88,9.22,7.93,0.03,37.66,0.77,
20130915,15-Sep-2013,0,0.964,0.036,,,,,9.4,6.75,5.24,4.77,9.23,8.03,0.03,37.9,0.74,Data validated 09/16/13  (sm)
20130916,16-Sep-2013,0,0.942,0.058,,,,,9.2,6.98,5.69,4.74,9.38,8.01,0.03,37.59,0.73,Data validated 09/17/13 (sm)
20130917,17-Sep-2013,0,0.97,0.03,,,,,9.11,7.23,5.42,4.73,9.27,7.92,0.03,37.56,0.75,Data validated 09/18/2013 (sm)
20130918,18-Sep-2013,0,0.977,0.023,,,,,9.14,7.22,4.74,5.29,9.23,7.97,0.03,38,0.76,
20130919,19-Sep-2013,0,0.968,0.032,,,,,9.33,7.23,2.91,7.85,9.51,7.88,0.04,38.12,0.77,Data validated 09/20/13 (sm)
20130920,20-Sep-2013,0,0.968,0.032,,,,,9.15,7.23,4.4,7.9,9.31,7.99,0.03,38.25,0.81,
20130921,21-Sep-2013,0,0.971,0.029,,,,,9.16,7.23,5.4,4.62,9.25,7.99,0.03,38.38,0.79,
20130922,22-Sep-2013,0,0.963,0.037,,,,,9.21,7.22,5.42,4.48,9.38,7.92,0.03,38.36,0.75,Data validated 09/23/13 (sm)
20130923,23-Sep-2013,0,0.958,0.042,,,,,9.27,7.17,5.2,4.53,9.34,8.04,0.03,38.04,0.76,Data validated 09/24/13 (sm)
20130924,24-Sep-2013,0,0.948,0.052,,,,,9.43,7.13,5.01,4.47,9.45,8,0.03,38.54,0.79,Data validated 09/25/13 (sm)
20130925,25-Sep-2013,0,0.955,0.045,,,,,9.53,7.14,4.86,4.48,9.42,7.92,0.03,38.63,0.78,Data validated 08/26/13 (sm)
20130926,26-Sep-2013,0,0.936,0.064,,,,,9.52,7.13,4.9,4.46,9.54,8,0.03,38.66,0.77,Data validated 09/27/13 (sm)
20130927,27-Sep-2013,0,0.961,0.039,,,,,9.51,7.14,4.96,4.37,9.44,8.06,0.03,39.03,0.77,
20130928,28-Sep-2013,0,0.975,0.025,,,,,9.42,7.13,5.04,4.32,9.24,7.98,0.03,38.76,0.78,
20130929,29-Sep-2013,0,0.974,0.026,,,,,9.45,7.14,5.02,4.27,9.27,7.94,0.03,38.93,0.77,Data validated 09/30/13 (sm)
20130930,30-Sep-2013,0.144,0.845,0.011,14.15,8.4,2.85,0.41,9.5,7.13,5,4.22,9.48,7.99,0.03,38.57,0.79,Data validated 10/01/2013 (sm)
20131001,01-Oct-2013,0.169,0.831,0,13.72,7.65,8.32,5.51,9.54,7.11,5.07,4.12,10.18,7.87,0.03,37.97,0.76,Data validated 10/02/2013 (sm)
20131002,02-Oct-2013,0.31,0.69,0,12.64,7.71,5.69,8.08,9.53,7.12,5.08,4.1,10.59,8.06,0.03,38.46,0.77,Data validated 10/03/2013 (sm)
20131003,03-Oct-2013,0.398,0.602,0,13.11,7.51,3.68,6.21,9.55,7.12,4.99,4.06,11.51,7.98,0.03,38.31,0.78,Data validated 10/04/2013 (sm)
20131004,04-Oct-2013,0.463,0.537,0,12.34,7.92,5.75,8.24,9.53,7.12,4.99,4.04,11.53,7.86,0.04,38.47,0.76,
20131005,05-Oct-2013,0.504,0.496,0,10.53,7.95,5.88,9.07,9.48,7.12,5.05,4,10.91,7.86,0.04,38.53,0.7,
20131006,06-Oct-2013,0.542,0.458,0,8.61,8,5.83,9.86,9.52,7.12,4.95,3.94,10.32,7.93,0.04,38.72,0.74,Data validated 10/07/2013 (sm)
20131007,07-Oct-2013,0.483,0.517,0,8.11,7.98,5.5,9.89,9.53,7.12,4.91,3.94,9.78,7.92,0.04,38.3,0.79,Data validated 10/08/2013 (sm)
20131008,08-Oct-2013,0.464,0.536,0,8.4,7.97,5.67,9.58,9.58,7.12,4.77,3.93,9.55,7.98,0.03,38.97,0.76,Data validated 10/09/2013 (sm)
20131009,09-Oct-2013,0.494,0.506,0,8.89,7.98,4.85,9.29,9.57,7.11,4.81,3.87,9.75,8.01,0.03,39.97,0.77,Data validated 10/10/2013 (sm)
20131010,10-Oct-2013,0.547,0.453,0,9.09,7.98,4.54,9.15,9.56,7.12,4.91,3.79,9.99,7.92,0.03,39.44,0.78,Data validated 10/11/2013 (sm)
20131011,11-Oct-2013,0.547,0.453,0,9.06,7.99,4.46,9.15,9.52,7.11,4.86,3.77,10.05,7.98,0.03,38.94,0.77,
20131012,12-Oct-2013,0.552,0.448,0,8.53,8,4.24,9.4,9.54,7.11,4.75,3.78,9.84,8,0.03,38.63,0.75,
20131013,13-Oct-2013,0.636,0.364,0,7.98,8.01,4.06,9.64,9.52,7.12,4.82,3.69,9.55,7.97,0.03,38.97,0.75,
20131014,14-Oct-2013,0.768,0.232,0,7.64,8,3.78,9.72,9.52,7.11,4.82,3.63,9.53,7.96,0.03,39,0.75,Data validated 10/15/2013 (sm)
20131015,15-Oct-2013,0.617,0.383,0,8.52,7.82,3.61,9.87,9.51,7.11,4.83,3.63,9.61,8.01,0.03,39.12,0.77,Data validated 10/16/13 (sm)
20131016,16-Oct-2013,0.628,0.372,0,8.26,7.77,3.22,9.97,9.49,7.12,4.92,4.49,9.26,8.2,0.03,40.92,0.79,Data validated 10/17/2013 (sm)
20131017,17-Oct-2013,0.45,0.55,0,7.09,7.77,7.03,9.98,9.45,7.11,4.68,5.16,8.87,7.71,0.03,37.86,0.81,Data validated 10/18/13 (sm)
20131018,18-Oct-2013,0.303,0.697,0,6.85,7.79,5.7,10.48,9.43,7.12,4.87,3.54,9.01,7.52,0.03,35.88,0.84,
20131019,19-Oct-2013,0.342,0.658,0,6.12,7.78,3.78,10.77,9.39,7.12,4.95,3.46,8.81,8.01,0.03,39.16,0.91,
20131020,20-Oct-2013,0.42,0.58,0,6.36,7.8,5.21,10.45,9.4,7.11,4.92,3.44,8.56,7.9,0.03,39.07,0.92,Data validated 10/21/13 (sm)
20131021,21-Oct-2013,0.535,0.465,0,5.85,7.8,13.75,10.68,9.37,7.11,4.92,3.38,8.14,7.94,0.03,38.86,0.89,Data validated 10/22/2013 (sm)
20131022,22-Oct-2013,0.601,0.399,0,6.07,7.8,10.53,10.53,9.41,7.11,4.91,3.35,7.76,7.81,0.03,38.9,0.84,Data validated 10/23/2013 (sm)
20131023,23-Oct-2013,0.583,0.417,0,6.78,7.8,6.85,10.25,9.45,7.11,4.91,3.32,8.19,7.89,0.03,38.98,0.9,Data validated 10/24/2013 (sm)
20131024,24-Oct-2013,0.603,0.397,0,6.89,7.78,5.08,10.31,9.47,7.11,4.8,3.3,8.41,7.97,0.03,39.54,0.92,Data validated 10/25/2013 (sm)
20131025,25-Oct-2013,0.627,0.373,0,6.66,7.79,4.4,10.39,9.46,7.11,4.85,3.22,8.11,7.96,0.03,39.49,0.92,
20131026,26-Oct-2013,0.606,0.394,0,6.84,7.8,4.35,10.34,9.46,7.11,4.86,3.19,8.26,7.89,0.03,39.29,0.94,
20131027,27-Oct-2013,0.622,0.378,0,6.72,7.82,4.6,10.33,9.5,7.12,4.78,3.26,8.18,8.02,0.03,39.93,0.97,Data validated 10/28/2013 (sm)
20131028,28-Oct-2013,0.592,0.408,0,6.97,7.82,4.06,10.12,9.43,7.11,4.92,3.1,8.39,7.9,0.03,39.27,0.95,Data validated 10/29/2013 (sm)
20131029,29-Oct-2013,0.614,0.386,0,5.23,7.86,4.38,10.9,9.35,7.1,5.52,3.08,7.55,7.93,0.03,39.26,0.89,
20131030,30-Oct-2013,0.572,0.428,0,5.12,7.88,3.81,10.77,9.26,7.1,5.01,3,7.37,7.97,0.03,39.63,0.86,Data validated 10/31/2013 (sm)
20131031,31-Oct-2013,0.567,0.433,0,4.6,7.89,3.68,10.82,9.27,7.1,5.06,2.97,7.4,8.04,0.03,40.07,0.85,Data validated 11/01/2013 (sm)
20131101,01-Nov-2013,0.572,0.428,0,4.23,7.91,4.13,10.99,9.31,7.11,4.86,3.08,7.14,7.89,0.03,38.81,0.88,
20131102,02-Nov-2013,0.669,0.331,0,3.93,7.86,3.63,11.17,9.37,7.12,4.79,3.05,6.73,7.96,0.03,38.69,0.91,
20131103,03-Nov-2013,0.643,0.357,0,4.1,7.91,3.13,10.91,9.35,7.12,4.94,2.95,6.53,7.88,0.03,38.74,0.91,Data validated 11/04/2013 (sm)
20131104,04-Nov-2013,0.629,0.371,0,4.48,7.82,3.32,10.82,9.39,7.12,4.91,2.99,7.15,8.15,0.03,39.17,0.93,Data validated 11/05/2013 (sm)
20131105,05-Nov-2013,0.686,0.314,0,3.28,7.8,3.28,11.38,9.42,7.12,5.01,2.99,6.2,8.02,0.03,39.13,0.94,Data validated 11/06/2013 (sm)
20131106,06-Nov-2013,0.458,0.542,0,2.38,7.78,14.7,11.74,9.53,7.18,5.29,3.7,6.32,7.97,0.03,39.48,0.99,Data validated 11/07/2013 (sm)
20131107,07-Nov-2013,0.308,0.692,0,2.94,7.79,5.53,11.7,9.65,7.27,5.56,4.53,8.14,7.88,0.03,39.71,0.99,Data validated 11/08/2013 (sm)
20131108,08-Nov-2013,0.34,0.66,0,3.33,7.76,3.32,11.49,9.8,7.45,6.11,6.08,8.4,8.23,0.03,39.42,0.93,
20131109,09-Nov-2013,0.431,0.569,0,3.95,7.72,3.35,10.99,9.79,7.45,6.27,6.08,7.91,8.13,0.03,39.41,0.89,
20131110,10-Nov-2013,0.429,0.571,0,4.05,7.73,2.78,11.11,9.81,7.49,6.31,6.38,8.02,8.09,0.03,40.37,0.94,
20131111,11-Nov-2013,0.445,0.555,0,4.6,7.73,2.65,10.87,9.85,7.59,6.31,6.95,8.22,7.95,0.03,40.05,0.98,Data validated 11/12/2013 (sm)
20131112,12-Nov-2013,0.48,0.52,0,4.39,7.74,2.71,11.12,9.86,7.65,5.78,7.23,8.02,7.84,0.03,38.77,0.98,Data validated 11/13/2013 (sm)
20131113,13-Nov-2013,0.48,0.52,0,4.01,7.75,2.73,11.23,9.81,7.75,5.25,7.71,7.81,8.15,0.03,39.86,0.91,
20131114,14-Nov-2013,0.506,0.494,0,4.33,7.77,2.74,10.88,9.8,7.78,5.34,7.86,7.72,8.12,0.03,40.38,0.99,Data validated 11/15/2013 (sm)
20131115,15-Nov-2013,0.558,0.442,0,4.43,7.78,2.86,10.79,9.81,7.82,5.07,8,7.71,7.97,0.03,39.03,1,
20131116,16-Nov-2013,0.57,0.43,0,3.95,7.81,3.15,10.85,9.74,7.8,5.25,7.95,7.2,7.96,0.03,39.68,0.96,
20131117,17-Nov-2013,0.536,0.464,0,3.47,7.81,3.03,11.11,9.6,7.83,5.2,8.08,7.01,7.95,0.03,39.86,0.92,Data validated 11/18/2013 (sm)
20131118,18-Nov-2013,0.467,0.533,0,2.85,7.74,2.94,11.64,9.41,7.83,5.21,8.07,7.23,8.02,0.03,40.01,0.91,Data validated 11/19/2013 (sm)
20131119,19-Nov-2013,0.481,0.519,0,2.36,7.77,4.15,11.66,9.28,7.84,5.26,8.1,6.66,7.91,0.03,39.19,0.91,Data validated 11/20/2013 (sm)
20131120,20-Nov-2013,0.479,0.521,0,3.16,7.71,4.6,11.12,9.21,7.83,5.14,8.08,6.96,7.92,0.03,39.67,0.91,Data validated 11/21/2013 (sm)
20131121,21-Nov-2013,0.463,0.537,0,2.98,7.73,3.15,11.4,9.11,7.83,4.95,8.1,7.04,7.95,0.03,39.12,0.94,Data validated 11/22/2013 (sm)
20131122,22-Nov-2013,0.268,0.732,0,2.33,7.71,3.82,11.96,8.89,7.83,5,8.14,7.47,8.03,0.03,38.85,0.86,
20131123,23-Nov-2013,0.161,0.839,0,2.6,7.71,3.1,12.03,8.62,7.84,5.12,8.19,8.57,7.97,0.03,39.11,0.9,
20131124,24-Nov-2013,0,1,0,,,,,8.52,7.85,4.83,8.24,9.13,7.92,0.03,38.84,0.9,Data validated 11/25/2013 (sm)
20131125,25-Nov-2013,0.311,0.689,0,4.78,7.63,4.45,11.24,8.37,7.86,4.76,8.28,8.8,7.89,0.03,38.25,0.88,Data validated 11/26/2013 (sm)
20131126,26-Nov-2013,0.445,0.555,0,2.59,7.71,5.07,11.27,8.27,7.7,4.71,8.33,6.92,7.91,0.03,37.31,0.82,Data validated 11/27/2013 (sm)
20131127,27-Nov-2013,0.458,0.542,0,2.15,7.76,3.13,11.9,8.15,7.6,4.78,8.34,6.22,7.95,0.03,38.55,0.84,
20131128,28-Nov-2013,0.461,0.539,0,2.17,7.78,2.91,11.83,8.1,7.59,4.87,8.3,6.12,7.83,0.03,39.39,0.89,
20131129,29-Nov-2013,0.509,0.491,0,1.99,7.79,2.78,11.86,8.08,7.6,4.8,8.31,5.88,7.91,0.03,38.87,0.91,
20131130,30-Nov-2013,0.592,0.408,0,2.03,7.79,2.96,11.78,8.06,7.59,4.74,8.3,5.47,7.96,0.03,38.65,0.89,
20131201,01-Dec-2013,0.496,0.504,0,2.09,7.78,2.79,11.66,8.02,7.6,4.74,8.32,5.51,7.94,0.03,38.69,0.86,Data validated 12/02/2013 (sm)
20131202,02-Dec-2013,0.433,0.567,0,2.62,7.79,2.66,11.17,8.02,7.65,4.32,8.6,6.09,8.06,0.03,38.85,0.88,Data validated 12/03/2013 (sm)
20131203,03-Dec-2013,0.345,0.655,0,3.25,7.77,3.9,10.29,7.93,7.64,3.96,8.61,6.96,8.03,0.03,38.95,0.83,Data  validated 12/04/2013 (sm)
20131204,04-Dec-2013,0.343,0.657,0,2.36,7.79,2.74,11.48,7.73,7.68,4.73,8.57,6.57,7.93,0.03,38.55,0.85,Data validated 12/05/2013 (sm)
20131205,05-Dec-2013,0.246,0.754,0,2.18,7.84,2.79,11.87,7.22,7.73,4.78,8.64,6.7,7.97,0.03,38.86,0.89,Data validated 12/06/2013 (sm)
20131206,06-Dec-2013,0,1,0,,,,,6.89,7.74,4.66,8.69,7.5,8.09,0.03,39.86,0.89,
20131207,07-Dec-2013,0,1,0,,,,,6.58,7.74,4.67,8.73,7.25,7.96,0.03,39.38,0.86,
20131208,08-Dec-2013,0,1,0,,,,,6.33,7.74,4.63,8.77,7.02,8.04,0.03,39.89,0.85,Data validated 12/09/2013 (sm)
20131209,09-Dec-2013,0,1,0,,,,,6.03,7.74,4.67,8.82,6.34,7.99,0.03,39.84,0.86,Data validated 12/10/2013 (sm)
20131210,10-Dec-2013,0,1,0,,,,,5.85,7.75,4.77,8.88,5.95,7.95,0.03,39.29,0.89,Data validated 12/11/2013 (sm)
20131211,11-Dec-2013,0.228,0.772,0,5.54,7.64,2.62,9.91,5.66,7.75,4.74,8.96,5.82,8.05,0.03,39.16,0.91,Data validated 12/12/2013 (sm)
20131212,12-Dec-2013,0.293,0.707,0,3.2,7.7,2.76,11.15,5.44,7.76,4.81,8.99,5.12,7.88,0.03,40.81,0.89,Data validated 12/13/2013 (sm)
20131213,13-Dec-2013,0.33,0.67,0,1.81,7.8,2.99,11.85,5.29,7.76,5.02,9.04,4.32,7.96,0.03,39.44,0.86,
20131214,14-Dec-2013,0.412,0.588,0,1.61,7.79,2.71,11.91,5.34,7.77,4.72,9.09,4.08,7.98,0.03,38.71,0.89,
20131215,15-Dec-2013,0.487,0.513,0,1.34,7.75,3.02,11.95,5.34,7.78,4.6,9.14,3.57,7.99,0.03,37.84,0.91,Data validated 12/16/2013 (sm)
20131216,16-Dec-2013,0.506,0.494,0,1.28,7.8,2.79,11.9,5.3,7.8,4.73,9.25,3.43,7.96,0.03,38.13,0.88,Data validated 12/17/2013 (sm)
20131217,17-Dec-2013,0.492,0.508,0,1.26,7.79,2.74,11.96,5.31,7.8,4.72,9.24,3.42,7.97,0.03,38.97,0.92,Data validated 12/18/2013 (sm)
20131218,18-Dec-2013,0.522,0.478,0,1.35,7.63,2.75,11.87,5.36,7.8,4.78,9.21,3.32,7.95,0.03,38.51,0.89,Data validated 12/19/2013 (sm)
20131219,19-Dec-2013,0.491,0.509,0,1.29,7.79,2.65,11.76,5.3,7.8,4.77,9.28,3.52,8,0.03,38.81,0.87,Data validated 12/20/2013 (sm)
20131220,20-Dec-2013,0.473,0.527,0,1.29,7.81,2.53,11.78,5.17,7.79,4.75,9.32,3.47,7.91,0.03,38.14,0.87,
20131221,21-Dec-2013,0.5,0.5,0,1.27,7.82,2.39,11.74,5.05,7.79,4.67,9.33,3.33,7.89,0.03,38.51,0.91,
20131222,22-Dec-2013,0.505,0.495,0,1.28,7.83,2.36,11.8,4.94,7.79,4.63,9.36,3.23,7.91,0.03,39.34,0.91,Data validated 12/23/2013 (sm)
20131223,23-Dec-2013,0.494,0.506,0,1.28,7.84,2.34,11.92,4.74,7.81,4.79,9.45,3.15,7.96,0.03,39.34,0.94,Data validated 12/24/2013 (sm)
20131224,24-Dec-2013,0.501,0.499,0,1.36,7.84,2.3,11.91,4.73,7.82,5.5,9.49,3.19,7.85,0.03,39,0.89,
20131225,25-Dec-2013,0.497,0.503,0,1.26,7.84,2.36,11.99,4.63,7.81,4.66,9.51,3.07,7.9,0.03,38.55,0.84,Data validated 12/26/2013 (sm)
20131226,26-Dec-2013,0.519,0.481,0,1.27,7.84,2.34,11.99,4.58,7.84,4.51,9.58,3.03,7.9,0.03,39.18,0.87,Data validated 12/27/2013 (sm)
20131227,27-Dec-2013,0.579,0.421,0,1.26,7.85,2.35,12.01,4.53,7.85,4.72,9.64,2.77,7.91,0.03,38.72,0.9,
20131228,28-Dec-2013,0.558,0.442,0,1.22,7.86,2.39,11.93,4.5,7.87,4.38,9.66,2.74,7.97,0.03,38.08,0.87,
20131229,29-Dec-2013,0.568,0.432,0,1.22,7.86,2.42,11.93,4.44,7.85,4.38,9.13,2.74,7.96,0.03,38.22,0.85,Data validated 12/30/2013 (sm)
20131230,30-Dec-2013,0.461,0.539,0,1.47,7.8,2.35,11.85,4.28,7.85,4.22,9.76,2.91,8.07,0.03,38.31,0.85,Data validated 12/31/2013 (sm)
20131231,31-Dec-2013,0.334,0.666,0,1.96,7.71,2.95,11.07,4.31,7.85,3.53,9.16,3.76,8.04,0.03,38.6,0.82,
20140101,01-Jan-2014,0.473,0.527,0,1.69,7.78,2.48,11.88,4.32,7.86,4.27,9.8,3.26,7.91,0.03,38.47,0.84,Data validated 01/02/2014 (sm)
20140102,02-Jan-2014,0.476,0.524,0,1.57,7.79,2.5,11.99,4.28,7.86,4.25,9.82,3.1,7.9,0.03,37.82,0.87,Data validated 01/03/2014 (sm)
20140103,03-Jan-2014,0.505,0.495,0,1.56,7.79,2.43,11.9,4.14,7.88,4.21,9.91,2.99,7.99,0.03,37.47,0.87,
20140104,04-Jan-2014,0.482,0.518,0,1.52,7.81,2.53,11.76,4.1,7.86,4.11,9.92,2.93,8.03,0.03,37.76,0.86,
20140105,05-Jan-2014,0.491,0.509,0,1.46,7.79,2.4,11.88,4.04,7.85,4.15,9.88,2.92,8.01,0.03,38.27,0.84,Data validated 01/06/2014 (sm)
20140106,06-Jan-2014,0.568,0.432,0,1.44,7.78,2.31,11.96,4.01,7.83,4.16,9.82,2.72,8.02,0.03,38.67,0.85,Data validated 01/07/2014 (sm)
20140107,07-Jan-2014,0.362,0.638,0,1.76,7.76,2.24,11.91,4.05,7.82,4.08,9.77,3.31,8.1,0.03,39.88,0.87,Data validated 01/08/2014 (sm)
20140108,08-Jan-2014,0.416,0.584,0,1.82,7.76,2.31,11.85,4.09,7.8,4.03,9.71,3.38,7.99,0.03,40.14,0.89,Data validated 01/09/2014 (sm)
20140109,09-Jan-2014,0.38,0.62,0,1.72,7.77,2.25,11.87,4.05,7.82,4.2,9.75,3.33,7.95,0.03,39.17,0.95,Data validated 01/10/2014 (sm)
20140110,10-Jan-2014,0.354,0.646,0,1.71,7.79,2.21,11.78,3.7,7.85,4.14,9.97,3.24,8.06,0.03,38.93,0.89,
20140111,11-Jan-2014,0.42,0.58,0,1.62,7.8,2.3,11.81,3.55,7.85,4.05,10.02,2.93,7.93,0.03,38.9,0.87,
20140112,12-Jan-2014,0.499,0.501,0,1.36,7.83,2.78,11.79,3.33,7.91,4.07,10.21,2.6,7.95,0.03,38.98,0.83,Data validated 01/13/2014 (sm)
20140113,13-Jan-2014,0.5,0.5,0,1.31,7.84,2.72,11.86,3.22,7.92,4.35,10.29,2.5,8.06,0.03,39.01,0.85,Data validated 01/14/2014 (sm)
20140114,14-Jan-2014,0.526,0.474,0,1.3,7.85,2.74,11.95,3.14,7.93,4.54,10.37,2.51,7.91,0.03,38.48,0.9,Data validated 01/15/2014 (sm)
20140115,15-Jan-2014,0.537,0.463,0,1.35,7.76,2.9,12.02,3.05,7.95,5,10.43,2.4,7.99,0.03,39.01,0.89,Data validated 01/16/2014 (sm)
20140116,16-Jan-2014,0.531,0.469,0,1.27,7.82,3.06,11.96,3.09,7.95,4.37,10.45,2.4,7.92,0.03,39.22,0.91,Data validated 01/17/14 (sm)
20140117,17-Jan-2014,0.521,0.479,0,1.27,7.85,2.81,12.01,3.06,7.94,4.41,10.48,2.39,8.04,0.03,38.76,0.89,
20140118,18-Jan-2014,0.532,0.468,0,1.27,7.86,2.91,11.97,3.05,7.96,4.36,10.56,2.37,7.91,0.03,39.06,0.88,
20140119,19-Jan-2014,0.529,0.471,0,1.26,7.86,2.89,11.97,3.08,7.94,4.32,10.52,2.36,7.92,0.03,39.09,0.9,
20140120,20-Jan-2014,0.525,0.475,0,1.26,7.86,2.89,11.95,3.16,7.93,4.76,10.52,2.38,7.97,0.03,39.03,0.89,Data validated 01/21/14 (sm)
20140121,21-Jan-2014,0.523,0.477,0,1.24,7.88,2.78,12.03,3.17,7.96,4.21,10.57,2.41,7.94,0.03,38.38,0.9,Data validated 01/22/2014 (sm)
20140122,22-Jan-2014,0.521,0.479,0,1.25,7.88,2.73,11.98,3.16,7.95,4.25,10.54,2.42,7.94,0.03,39.06,0.89,Data validated 01/23/2014 (sm)
20140123,23-Jan-2014,0.52,0.48,0,1.24,7.9,2.6,12.05,3.07,7.96,4.14,10.56,2.39,8.04,0.03,39.38,0.89,Data validated 01/24/2014 (sm)
20140124,24-Jan-2014,0.537,0.463,0,1.23,7.88,2.39,12.06,3.1,7.93,4.13,10.53,2.34,7.98,0.03,38.88,0.9,
20140125,25-Jan-2014,0.51,0.49,0,1.27,7.89,2.57,11.99,3.09,7.93,4.28,10.55,2.4,7.97,0.03,38.73,0.84,
20140126,26-Jan-2014,0.538,0.462,0,1.26,7.89,2.76,11.87,3.03,7.99,4.01,10.71,2.3,7.89,0.03,38.82,0.83,Data validated 01/27/2014 (sm)
20140127,27-Jan-2014,0.522,0.478,0,1.22,7.89,2.63,11.92,3.02,7.95,4.01,10.65,2.28,7.98,0.03,38.34,0.85,Data validated 01/28/2014 (sm)
20140128,28-Jan-2014,0.381,0.619,0,1.21,7.88,2.32,11.95,2.94,7.96,4.01,10.68,2.49,8.1,0.03,38.16,0.83,Data validated 01/29/2014 (sm)
20140129,29-Jan-2014,0.309,0.691,0,2.16,7.83,2.22,11.79,2.96,7.93,3.97,10.58,3.11,8.04,0.03,38.69,0.84,Data validated 01/30/2014 (sm)
20140130,30-Jan-2014,0.443,0.557,0,1.55,7.86,2.36,11.74,2.98,7.89,3.86,10.51,2.7,7.91,0.03,38.54,0.86,Data validated 01/31/2014 (sm)
20140131,31-Jan-2014,0.472,0.528,0,1.3,7.87,2.4,11.8,3.02,7.84,3.91,10.37,2.49,8.01,0.03,38.01,0.9,
20140201,01-Feb-2014,0.46,0.54,0,1.28,7.87,2.3,11.81,3,7.83,3.87,10.36,2.48,7.94,0.03,38.16,0.9,
20140202,02-Feb-2014,0.462,0.538,0,1.26,7.87,2.3,11.92,3.02,7.79,3.95,10.24,2.47,8,0.03,38.62,0.89,Data validated 02/03/2014 (sm0
20140203,03-Feb-2014,0.469,0.531,0,1.26,7.86,2.3,11.88,3.03,7.8,3.99,10.29,2.47,7.97,0.03,38.12,0.88,Data validated 02/04/2014 (sm)
20140204,04-Feb-2014,0.453,0.547,0,1.26,7.88,2.36,11.88,3.02,7.8,4,10.3,2.47,8,0.03,38.55,0.83,Data validated 02/05/2014 (sm)
20140205,05-Feb-2014,0.466,0.534,0,1.17,7.88,2.29,12,3.02,7.74,4.03,10.09,2.68,7.95,0.03,39.05,0.87,Data validated 02/06/2014 (sm)
20140206,06-Feb-2014,0.365,0.635,0,1.26,7.88,2.23,12,3.03,7.73,3.97,10.06,2.47,8.07,0.03,39.49,0.89,Data validated 02/07/201 (sm)
20140207,07-Feb-2014,0.33,0.67,0,1.39,7.88,2.21,11.9,3.02,7.74,3.98,10.1,2.63,7.89,0.03,39.35,0.91,
20140208,08-Feb-2014,0.349,0.651,0,1.43,7.87,2.28,11.83,3.05,7.71,4.08,9.98,2.65,7.94,0.03,38.76,,
20140209,09-Feb-2014,0.404,0.596,0,1.34,7.87,2.37,11.83,3.07,7.69,4.04,9.9,2.53,7.99,0.03,38.91,,Data validated 02/10/2014 (sm)
20140210,10-Feb-2014,0.391,0.609,0,1.31,7.86,2.28,11.89,3.08,7.66,4.06,9.81,2.54,7.92,0.03,38.77,0.92,Data validated 02/11/2014 (sm)
20140211,11-Feb-2014,0.397,0.603,0,1.32,7.86,2.31,11.94,3.09,7.65,4.09,9.74,2.54,7.98,0.03,38.43,0.89,Data validated 02/12/2014 (sm)
20140212,12-Feb-2014,0.384,0.616,0,1.35,7.87,2.36,11.93,3.13,7.62,4.04,9.61,2.58,7.93,0.03,38.49,0.88,Data validated 02/13/2014 (sm)
20140213,13-Feb-2014,0.397,0.603,0,1.31,7.89,2.53,11.86,3.12,7.64,4.01,9.69,2.58,7.97,0.03,38.38,0.89,Data validated 02/14/2014 (sm)
20140214,14-Feb-2014,0.389,0.611,0,1.34,7.89,3.05,11.81,3.14,7.65,3.99,9.76,2.59,8.03,0.03,38.55,0.88,
20140215,15-Feb-2014,0.393,0.607,0,1.38,7.88,3.32,11.81,3.17,7.63,4.03,9.67,2.58,7.91,0.03,38.89,0.88,
20140216,16-Feb-2014,0.388,0.612,0,1.37,7.88,3.13,11.86,3.2,7.62,3.88,9.6,2.62,7.9,0.03,38.67,0.89,
20140217,17-Feb-2014,0.428,0.572,0,1.32,7.89,3.49,11.8,3.06,7.74,3.85,10.05,2.47,7.95,0.03,39,0.89,Data validated 02/18/2014 (sm)
20140218,18-Feb-2014,0.492,0.508,0,1.19,7.94,4.41,11.8,2.93,7.89,3.27,10.5,2.35,7.84,0.03,37.48,0.9,
20140219,19-Feb-2014,0.486,0.514,0,1.6,7.99,4.52,11.8,3.08,7.87,3.07,10.78,2.34,8.04,0.03,38.98,0.88,Data validated 02/20/2014 (sm)
20140220,20-Feb-2014,0.409,0.591,0,3.73,7.95,4.5,11.68,2.81,7.79,3.06,10.9,2.35,8.16,0.03,39.39,0.89,Data validated 02/22/2014 (sm)
20140221,21-Feb-2014,0.356,0.644,0,2.16,8.08,3.54,11.8,2.74,7.78,3.14,10.91,2.45,7.93,0.03,39.14,0.89,
20140222,22-Feb-2014,0.37,0.63,0,1.44,8.08,3.59,11.77,2.75,7.77,3.12,10.9,2.5,7.97,0.03,39.09,0.87,
20140223,23-Feb-2014,0.481,0.519,0,1.27,,4.66,11.74,2.81,7.77,3.13,10.89,2.3,7.95,0.03,39.29,0.87,Data validated 02/24/2014 (sm)
20140224,24-Feb-2014,0.497,0.503,0,1.29,8.08,4.97,11.61,2.88,7.77,3.14,10.9,2.25,7.97,0.03,39.14,0.87,Data validated 02/25/2014 (sm)
20140225,25-Feb-2014,0.46,0.54,0,1.44,7.69,4.41,11.7,2.84,7.76,3.2,10.89,2.41,8.2,0.03,39.26,0.87,Data validated 02/26/2014 (sm)
20140226,26-Feb-2014,0.394,0.606,0,1.45,7.69,3.44,12,2.78,7.75,3.18,10.9,2.42,8,0.03,38.78,,Data validated 02/27/2014 (sm)
20140227,27-Feb-2014,0.393,0.606,0,1.57,7.68,3.38,11.81,2.75,7.74,3.26,10.87,2.6,7.91,0.03,38.77,,Data validated 02/28/2014 (sm)
20140228,28-Feb-2014,0.415,0.585,0,1.52,7.7,3.58,11.67,2.74,7.74,3.25,10.89,2.56,8.03,0.03,38.65,,
20140301,01-Mar-2014,0.41,0.59,0,1.74,7.71,3.76,11.38,2.74,7.76,3.22,10.94,2.64,8.08,0.03,38.78,,
20140302,02-Mar-2014,0.33,0.67,0,1.52,7.71,3.3,11.9,2.64,7.75,3.24,10.94,2.57,8.03,0.03,39.33,,Data validated 03/03/2014 (sm)
20140303,03-Mar-2014,0.23,0.77,0,1.77,7.69,3.24,11.83,2.62,7.75,3.24,10.94,2.75,8,0.03,39.5,,Data validated 03/04/2014 (sm)
20140304,04-Mar-2014,0.31,0.69,0,1.82,7.69,3.25,10.27,2.68,7.74,3.24,10.04,2.79,7.87,0.03,39.05,,Data validated 03/05/2014
20140305,05-Mar-2014,0.394,0.606,0,1.85,7.69,3.6,9.38,2.71,7.76,3.26,9.7,2.65,7.99,0.03,39.89,0.93,Data validated 03/06/2014 (sm)
20140306,06-Mar-2014,0.303,0.697,0,2.93,7.66,3.38,9.11,2.83,7.78,3.3,9.84,3.02,7.95,0.03,39.8,0.91,Data validated 03/07/2014 (sm)
20140307,07-Mar-2014,0.3,0.7,0,3.07,7.67,3.44,9.17,2.88,7.77,3.3,9.87,3.16,8,0.03,38.91,0.82,
20140308,08-Mar-2014,0.478,0.522,0,2.41,7.69,3.6,9.71,2.91,7.79,3.27,9.92,3.09,7.85,0.03,38.97,0.86,
20140309,09-Mar-2014,0.409,0.591,0,3.68,7.66,3.37,9.16,3.03,7.79,3.23,10,3.34,7.97,0.03,38.84,0.91,Data validated 03/10/2014 (sm)
20140310,10-Mar-2014,0.373,0.627,0,4.57,7.65,3.5,8.78,3.1,7.78,3.2,10.03,3.38,7.85,0.03,38.52,0.87,Data validated 03/11/2014 (sm)
20140311,11-Mar-2014,0.397,0.603,0,4.84,7.65,3.57,9.34,3.18,7.79,3.19,10.07,3.47,7.7,0.03,38.89,0.9,Data validated 03/12/2014 (sm)
20140312,12-Mar-2014,0.285,0.715,0,3.82,7.67,3.49,11.16,3.19,7.8,3.23,10.12,3.1,7.94,0.03,38.84,0.89,Data validated 03/13/2014 (sm)
20140313,13-Mar-2014,0.257,0.743,0,3.48,7.64,3.28,11.2,3.26,7.8,3.23,10.15,3.01,7.82,0.03,38.85,0.88,Data validated 03/14/2014 (sm)
20140314,14-Mar-2014,0.27,0.715,0.014,3.69,7.67,3.29,11.02,3.36,7.8,3.21,10.18,3.17,7.85,0.03,38.72,0.86,
20140315,15-Mar-2014,0.304,0.676,0.02,4.67,7.64,3.49,10.58,3.48,7.82,3.21,10.21,3.52,7.86,0.03,39.04,0.87,
20140316,16-Mar-2014,0.379,0.598,0.023,4.3,7.66,3.29,11.03,3.55,7.81,3.22,10.23,3.63,7.84,0.03,38.83,0.92,Data validated 03/17/2014 (sm)
20140317,17-Mar-2014,0.398,0.552,0.05,4.94,7.65,3.23,10.56,3.68,7.81,3.21,10.26,4.22,7.89,0.03,39.18,0.89,
20140318,18-Mar-2014,0.267,0.691,0.042,5.36,7.66,3.37,10.37,3.71,7.82,3.28,10.26,4.56,7.94,0.03,38.77,0.85,Data validated 03/19/2014 (sm)
20140319,19-Mar-2014,0.353,0.611,0.036,3.75,7.7,3.21,11.4,3.74,7.82,3.28,10.26,4.22,7.83,0.03,38.8,0.86,Data validated 03/20/2014 (sm)
20140320,20-Mar-2014,0.378,0.58,0.042,4.27,7.69,3.22,10.99,3.81,7.81,3.28,10.27,4.17,7.7,0.03,39.27,0.9,Data validated 03/21/2014 (sm)
20140321,21-Mar-2014,0.318,0.644,0.038,5.18,7.66,3.38,10.54,3.95,7.82,3.24,10.3,4.54,7.94,0.03,39.54,0.88,
20140322,22-Mar-2014,0.336,0.624,0.04,5.25,7.67,3.29,10.73,4.03,7.83,3.31,10.32,4.73,7.96,0.03,39.6,0.86,
20140323,23-Mar-2014,0.371,0.58,0.049,3.28,7.71,3.2,11.89,3.97,7.81,3.25,10.32,4.17,7.89,0.03,39.53,0.88,Data validated 03/24/2014 (sm)
20140324,24-Mar-2014,0.278,0.684,0.038,3.05,7.73,3.22,11.7,4.01,7.83,3.22,10.35,4.06,7.96,0.03,38.98,0.88,Data validated 03/25/2014 (sm)
20140325,25-Mar-2014,0,0.941,0.059,,,,,4.11,7.84,3.18,10.39,4.48,7.94,0.03,38.9,0.8,Data validated 03/26/2014 (sm)
20140326,26-Mar-2014,0,0.97,0.03,,,,,4.25,7.85,3.22,10.43,4.51,7.94,0.03,39.36,0.81,
20140327,27-Mar-2014,0,0.961,0.039,,,,,4.35,7.85,3.17,10.42,4.61,7.89,0.03,39.93,0.79,Data validated 03/28/2014 (sm)
20140328,28-Mar-2014,0,0.956,0.044,,,,,4.41,7.85,3.13,10.41,4.65,7.91,0.03,39.63,0.85,
20140329,29-Mar-2014,0,0.949,0.051,,,,,4.47,7.84,3.17,10.41,4.74,7.88,0.03,40.31,0.89,
20140330,30-Mar-2014,0,0.952,0.048,,,,,4.69,7.86,3.14,10.44,4.95,7.91,0.03,39.75,0.89,Data validated 03/31/2014 (sm)
20140331,31-Mar-2014,0,0.954,0.046,,,,,4.8,7.87,3.16,10.43,5.01,7.91,0.03,39.21,0.85,Data validated 04/01/2014 (sm)
20140401,01-Apr-2014,0,0.986,0.014,,,,,4.81,7.85,3.17,10.42,4.99,7.94,0.03,39.4,0.84,Data validated 04/02/2014 (sm)
20140402,02-Apr-2014,0,1,0,,,,,4.87,7.84,3.24,10.39,4.93,7.82,0.03,38.95,0.83,Data validated 04/03/2014 (sm)
20140403,03-Apr-2014,0,0.921,0.079,,,,,4.9,7.83,3.24,10.37,5.2,7.91,0.03,39.4,0.78,Data validated 04/04/2014 (sm)
20140404,04-Apr-2014,0,0.968,0.032,,,,,5.07,7.87,3.21,10.41,5.33,7.94,0.03,39.73,0.82,
20140405,05-Apr-2014,0,0.969,0.031,,,,,5.04,7.84,3.2,10.39,5.29,7.89,0.03,39.43,0.87,
20140406,06-Apr-2014,0,0.956,0.044,,,,,5.1,7.83,3.2,10.38,5.29,7.94,0.04,39.83,0.88,
20140407,07-Apr-2014,0,0.963,0.037,,,,,5.21,7.85,3.17,10.39,5.44,7.89,0.04,39.9,0.88,
20140408,08-Apr-2014,0,0.969,0.031,,,,,5.37,7.86,3.16,10.4,5.58,7.92,0.03,39.79,0.89,Data validated 04/09/2014 (sm)
20140409,09-Apr-2014,0,0.975,0.025,,,,,5.43,7.72,3.19,10.4,5.83,7.85,0.04,39.66,0.87,Data validated 04/10/2014 (sm)
20140410,10-Apr-2014,0.119,0.831,0.05,6.86,7.98,3.3,8.18,5.05,7.58,3.23,10.35,6.05,7.8,0.04,39.89,0.82,Data validated 04/11/2014 (sm)
20140411,11-Apr-2014,0.183,0.767,0.05,8.52,7.9,4.73,10.08,5.14,7.57,3.21,10.34,6.48,7.89,0.04,39.74,0.82,
20140412,12-Apr-2014,0.2,0.767,0.033,9.65,7.85,4.6,9.46,5.21,7.55,3.24,10.31,6.73,7.92,0.04,40,0.92,
20140413,13-Apr-2014,0.195,0.773,0.032,8.93,7.84,5.31,9.92,5.25,7.55,3.27,10.28,6.67,7.9,0.04,39.59,0.87,Data validated 04/14/2014 (sm)
20140414,14-Apr-2014,0.273,0.686,0.041,5.75,7.85,5.35,11.6,5.16,7.5,3.34,10.2,5.94,7.85,0.04,39.05,0.88,Data validated 04/15/2014 (sm)
20140415,15-Apr-2014,0.306,0.666,0.028,6.09,7.8,7.14,11.14,5.22,7.54,3.29,10.26,5.69,7.8,0.04,38.35,0.84,Data validated 04/16/2014 (sm)
20140416,16-Apr-2014,0.416,0.53,0.054,7.11,7.8,7.92,11.13,5.36,7.57,3.25,10.28,6.25,7.95,0.04,39.6,0.82,
20140417,17-Apr-2014,0.449,0.493,0.059,7.86,7.82,6.11,10.64,5.33,7.52,3.35,10.2,6.88,7.79,0.04,39.54,0.85,Data validated 04/18/2014 (sm)
20140418,18-Apr-2014,0.454,0.507,0.039,9.48,7.82,6.66,10.09,5.4,7.5,3.39,10.16,7.36,7.96,0.04,39.75,0.85,
20140419,19-Apr-2014,0.549,0.429,0.022,10.46,7.82,8.26,9.88,5.46,7.49,3.31,10.14,8.24,7.93,0.03,39.07,0.83,
20140420,20-Apr-2014,0.564,0.397,0.039,10.16,7.78,9.73,9.98,5.48,7.47,3.33,10.08,8.6,7.96,0.03,39.77,0.84,Data validated 04/21/2014 (sm)
20140421,21-Apr-2014,0.46,0.505,0.035,10.01,7.74,10.65,10.03,5.51,7.45,3.34,10.04,8.2,7.94,0.04,38.95,0.86,Data validated 04/22/2014 (sm)
20140422,22-Apr-2014,0.323,0.645,0.031,10.31,7.72,10.5,9.59,5.55,7.45,3.31,10.05,7.44,7.98,0.03,39.46,0.85,
20140423,23-Apr-2014,0.407,0.549,0.044,9.6,7.71,12.39,9.3,5.58,7.42,3.29,10,7.56,8,0.04,39.47,0.85,Data validated 04/24/2014 (sm)
20140424,24-Apr-2014,0.474,0.453,0.073,8.42,7.71,15.62,9.78,5.68,7.43,3.34,9.97,7.6,7.98,0.04,38.69,0.86,
20140425,25-Apr-2014,0.469,0.498,0.033,8.23,7.69,15.54,9.83,5.7,7.42,3.28,9.94,7.25,8.01,0.05,38.94,0.88,
20140426,26-Apr-2014,0.369,0.603,0.028,8.18,7.68,13.75,9.76,5.72,7.4,3.26,9.9,6.97,7.96,0.04,39.31,0.86,
20140427,27-Apr-2014,0.376,0.593,0.032,8.37,7.67,15.52,9.61,6.12,7.45,3.28,9.92,7.21,8.04,0.04,39.46,0.83,Data validated 04/28/2014 (sm)
20140428,28-Apr-2014,0.286,0.671,0.043,6.64,7.68,13.96,10.36,6.38,7.5,3.28,9.92,7.02,8.02,0.04,38.75,0.87,Data validated 04/28/2014 (sm)
20140429,29-Apr-2014,0.279,0.698,0.024,6.09,7.68,10.76,10.62,6.36,7.53,3.31,9.9,6.87,7.94,0.03,38.14,0.98,Data validated 04/30/2014 (sm)
20140430,30-Apr-2014,0.275,0.692,0.034,6.21,7.69,9.27,10.63,6.43,7.54,3.38,9.87,6.86,7.99,0.03,38.43,0.93,Data validated 05/01/2014 (sm)
20140501,01-May-2014,0.306,0.66,0.034,5.7,7.7,8.64,10.85,6.58,7.54,3.49,9.82,6.85,7.96,0.03,39.72,0.87,Data validated 05/02/2014 (sm)
20140502,02-May-2014,0.323,0.645,0.032,7.85,7.69,9.29,9.93,6.69,7.52,4.29,9.84,7.37,7.94,0.03,37.64,0.86,
20140503,03-May-2014,0.318,0.644,0.038,9.97,7.69,11.37,9.37,6.76,7.48,3.37,9.73,8.22,8.04,0.04,37.35,0.9,
20140504,04-May-2014,0.297,0.67,0.032,11.09,7.69,10.23,9.1,6.89,7.46,3.29,9.69,8.57,7.98,0.03,37.85,0.87,Data validated 05/05/2014 (sm)
20140505,05-May-2014,0.304,0.657,0.039,10.51,7.63,14.16,8.69,6.93,7.45,3.24,9.65,8.63,8.06,0.04,37.37,0.81,Data validated 05/06/2014 (sm)
20140506,06-May-2014,0.328,0.636,0.036,9.13,7.56,8.77,8.58,6.91,7.54,3.24,9.57,8.18,7.99,0.04,37.12,0.86,Data validated 05/07/2014 (sm)
20140507,07-May-2014,0.331,0.624,0.045,8.59,7.55,17.68,8.76,6.85,7.69,3.33,9.48,7.94,8.02,0.04,37.57,0.83,Data validated 05/08/2014 (sm)
20140508,08-May-2014,0.325,0.641,0.034,8,7.53,19.25,9.56,6.81,7.68,3.54,9.42,7.51,7.91,0.05,37.86,0.88,Data validated 05/09/2014 (sm)
20140509,09-May-2014,0.273,0.698,0.029,7.34,7.54,16.36,10.24,6.92,7.68,3.6,9.38,7.21,7.99,0.05,37.64,0.92,
20140510,10-May-2014,0.253,0.705,0.042,7,7.57,11.56,10.28,6.9,7.65,3.78,9.25,6.99,7.92,0.04,38.13,0.89,
20140511,11-May-2014,0.321,0.62,0.058,7.63,7.56,7.63,10.02,6.65,7.65,3.72,9.27,7.31,7.94,0.04,38.3,0.88,Data validated 05/12/2014 (sm)
20140512,12-May-2014,0.375,0.592,0.033,4.83,7.64,7.65,11.41,6.57,7.63,3.75,9.19,6.37,7.93,0.04,38.24,0.88,
20140513,13-May-2014,0.406,0.56,0.034,5.68,7.64,7.92,10.9,6.59,7.63,3.74,9.18,6.3,7.9,0.03,37.67,0.89,
20140514,14-May-2014,0.422,0.537,0.041,6.98,7.59,10.67,10.48,6.69,7.57,3.66,9.2,6.86,7.79,0.04,37.67,0.88,Data validated 05/15/2014 (sm)
20140515,15-May-2014,0.392,0.566,0.042,7.54,7.57,8.06,10.24,6.75,7.48,3.67,9.17,7.21,8.04,0.03,40.27,0.85,Data validated 05/16/2014 (sm)
20140516,16-May-2014,0.434,0.541,0.025,8.15,7.59,11.07,10,6.77,7.46,3.71,9.1,7.61,7.9,0.04,39.64,0.86,
20140517,17-May-2014,0.467,0.505,0.028,8.62,7.6,13.87,9.88,6.76,7.44,3.68,9.02,7.78,7.88,0.04,39.6,0.79,
20140518,18-May-2014,0.441,0.52,0.039,9.74,7.56,19.97,9.49,6.83,7.43,3.63,8.99,8.35,7.97,0.04,39.55,0.78,Data validated 05/19/2014 (sm)
20140519,19-May-2014,0.307,0.657,0.036,9.98,7.52,17.17,9.38,7.1,7.42,3.57,8.93,8.43,7.97,0.04,39.79,0.85,Data validated 05/20/2014 (sm)
20140520,20-May-2014,0.346,0.647,0.007,10.34,7.45,34.98,9.22,7.38,7.4,3.48,8.89,8.18,8.01,0.04,39.42,0.86,Data validated 05/21/2014 (sm)
20140521,21-May-2014,0.35,0.65,0,10.24,7.39,40.21,9.06,10.98,7.38,2.67,8.43,8.21,8.02,0.04,38.86,0.83,Data validated 05/22/2014(sm)
20140522,22-May-2014,0.209,0.791,0,10.13,7.33,28.27,9.41,7.69,7.37,3.44,8.79,7.7,7.89,0.04,39.11,0.78,Data validated 05/23/2014(sm)
20140523,23-May-2014,0.219,0.781,0,9.53,7.26,30.12,9.57,7,7.38,3.55,8.85,7.62,7.99,0.04,39.37,0.87,
20140524,24-May-2014,0.252,0.748,0,9.27,7.24,29.86,9.76,7,7.37,3.54,8.77,7.63,8.05,0.04,39.67,0.86,
20140525,25-May-2014,0.182,0.818,0,8.76,7.24,38.01,9.95,7.02,7.37,3.53,8.76,7.44,7.88,0.03,39.25,0.86,
20140526,26-May-2014,0.172,0.828,0,9.55,7.2,24.22,9.21,7.01,7.39,3.49,8.78,7.23,7.93,0.03,38.2,0.87,Data validated 05/27/2014 (sm)
20140527,27-May-2014,0.141,0.859,0,9.04,7.16,30.59,9.76,7.07,7.37,3.52,8.76,7.41,8.01,0.04,38.15,0.89,Data validated 05/28/2014 (sm)
20140528,28-May-2014,0.19,0.81,0,9.23,7.22,41.59,9.99,7.15,7.34,3.57,8.7,7.49,8.12,0.04,39.81,0.83,Data validated 05/29/2014 (sm)
20140529,29-May-2014,0.229,0.771,0,9.35,7.19,42.06,10.02,7.19,7.33,3.5,8.7,7.57,7.98,0.04,39.43,0.83,Data validated 05/30/2014 (sm)
20140530,30-May-2014,0.173,0.827,0,9.18,7.15,26.88,9.89,7.2,7.33,3.53,8.67,7.49,7.89,0.04,38.06,0.91,
20140531,31-May-2014,0.158,0.842,0,9.39,7.13,30.18,10.07,7.17,7.34,3.52,8.66,7.32,7.88,0.03,39.42,0.9,
20140601,01-Jun-2014,0.104,0.896,0,9.72,7.12,19,9.63,7.21,7.31,3.56,8.62,7.26,7.9,0.03,39.17,0.87,Data validated 06/02/2014 (sm)
20140602,02-Jun-2014,0.159,0.841,0,9.67,7.08,32.98,9.57,7.36,7.24,3.7,8.59,7.52,8.06,0.03,39.02,0.86,Data validated 06/03/2014 (sm)
20140603,03-Jun-2014,0.235,0.765,0,9.53,7.15,34.34,9.99,7.31,7.3,3.54,8.6,7.71,7.86,0.04,38.98,0.91,Data validated 06/04/2014 (sm)
20140604,04-Jun-2014,0.218,0.782,0,9.81,7.15,51.3,10.03,7.85,7.26,3.47,8.55,7.74,7.98,0.04,40.02,0.92,Data validated 06/05/2014 (sm)
20140605,05-Jun-2014,0.176,0.824,0,9.71,7.13,23.94,9.76,8.11,7.28,3.41,8.51,7.6,7.88,0.03,36.88,0.88,Data validated 06/06/2014 (sm)
20140606,06-Jun-2014,0.205,0.795,0,9.95,7.1,17.74,9.85,8.16,7.29,3.46,8.47,7.71,7.99,0.03,41.33,0.86,
20140607,07-Jun-2014,0.273,0.727,0,10.14,7.15,14.34,9.76,8.09,7.3,3.42,8.48,8.02,7.96,0.03,37.69,0.88,
20140608,08-Jun-2014,0.296,0.704,0,10.22,7.13,14.18,9.8,7.95,7.31,3.41,8.44,8.08,7.95,0.03,39.89,0.88,Data validated 06/09/2014 (sm)
20140609,09-Jun-2014,0.34,0.66,0,9.9,7.15,10.49,9.87,7.94,7.33,3.46,8.43,8.22,7.99,0.04,38.84,0.89,Data validated 06/10/2014 (sm)
20140610,10-Jun-2014,0.283,0.717,0,9.86,7.16,13.43,9.88,8.07,7.3,3.48,8.41,8.06,7.89,0.03,39.26,0.89,Data validated 06/11/2014 (sm)
20140611,11-Jun-2014,0.28,0.72,0,10.38,7.19,9.03,9.75,8.06,7.29,3.6,,8.1,8.04,0.03,39.86,0.84,Data validated 06/12/2014 (sm)
20140612,12-Jun-2014,0.345,0.655,0,10.59,7.21,8.01,9.66,7.52,7.3,3.66,,8.43,8,0.03,39.44,0.88,Data validated 06/13/2014 (sm)
20140613,13-Jun-2014,0.343,0.657,0,10.52,7.21,11.98,9.77,7.57,7.27,3.74,8.33,8.44,7.89,0.04,38.95,0.85,
20140614,14-Jun-2014,0.294,0.706,0,11.1,7.19,13.44,9.55,7.69,7.26,3.69,8.3,8.48,7.91,0.04,39.48,0.92,
20140615,15-Jun-2014,0.311,0.689,0,10.91,7.18,7.62,9.57,7.65,7.29,3.76,8.26,8.5,7.94,0.04,38.72,0.86,Data validated 06/16/2014 (sm)
20140616,16-Jun-2014,0.32,0.68,0,10.31,7.2,9.21,9.81,7.72,7.27,3.79,8.24,8.37,7.98,0.03,40.35,0.94,Data validated 06/17/2014 (sm)
20140617,17-Jun-2014,0.321,0.679,0,10.89,7.22,11.28,9.57,7.81,7.25,3.82,8.21,8.5,8,0.03,38.85,0.84,Data validated 06/18/2014 (sm)
20140618,18-Jun-2014,0.366,0.634,0,11.5,7.23,9.18,9.41,7.65,7.27,4.13,8.19,8.91,7.97,0.03,39.79,0.88,Data validated 06/19/2014 (sm)
20140619,19-Jun-2014,0.375,0.625,0,11.32,7.24,7,9.44,7.55,7.26,4.11,8.14,8.88,7.95,0.04,39.06,0.87,Data validated 06/20/2014 (sm)
20140620,20-Jun-2014,0.417,0.583,0,11.36,7.27,10.44,9.6,7.62,7.23,4.09,8.11,9.04,7.99,0.03,37.96,0.89,
20140621,21-Jun-2014,0.444,0.556,0,12.17,7.27,7.8,9.37,7.67,7.2,4.07,8.08,9.42,7.98,0.03,39.4,0.86,
20140622,22-Jun-2014,0.522,0.478,0,11.75,7.27,6.63,9.45,7.86,7.18,4.01,8.04,9.87,7.92,0.04,40.28,0.88,Data validated 06/22/2014 (sm)
20140623,23-Jun-2014,0.419,0.581,0,11.97,7.28,6.63,9.36,8.01,7.22,4.09,8,9.37,7.86,0.03,39.65,0.86,Data validated 06/24/2014 (sm)
20140624,24-Jun-2014,0.413,0.587,0,12.76,7.31,7.02,9.13,7.8,7.23,4.16,7.91,9.6,7.96,0.03,39.23,0.83,Data validated 06/25/2014 (sm)
20140625,25-Jun-2014,0.426,0.574,0,12.76,7.26,6.51,9.02,8.27,7.08,4.23,7.86,9.8,8.01,0.03,38.71,0.85,Data validated 06/26/2014 (sm)
20140626,26-Jun-2014,0.48,0.52,0,12.43,7.22,8.23,9.01,8.27,6.97,4.28,7.8,10.21,7.89,0.04,38.86,0.93,Data validated 06/27/2014 (sm)
20140627,27-Jun-2014,0.404,0.596,0,12.41,7.22,8.22,9.05,8.28,6.96,4.29,7.75,9.72,7.89,0.03,37.72,0.88,
20140628,28-Jun-2014,0.473,0.527,0,11.99,7.25,6.38,9.14,8.27,6.95,4.27,7.74,9.89,8.02,0.03,37.98,0.85,
20140629,29-Jun-2014,0.483,0.517,0,12.45,7.25,7.17,9.05,8.33,6.93,4.27,7.66,10.08,7.92,0.03,38.84,0.87,Data validated 06/30/2014 (sm)
20140630,30-Jun-2014,0.426,0.574,0,13.39,7.26,10.49,8.87,8.43,7.13,4.25,7.68,10.24,7.94,0.03,39.34,0.88,Data validated 07/01/2014 (sm)
20140701,01-Jul-2014,0.51,0.49,0,13.79,7.27,11.31,8.72,8.44,7.33,4.21,7.67,10.91,7.94,0.03,39.22,0.91,Data validated 07/02/2014 (sm)
20140702,02-Jul-2014,0.481,0.519,0,13.19,7.28,8.29,9.03,8.36,7.32,4.25,7.64,10.65,7.91,0.03,39.32,0.9,Data validated 07/03/2014 (sm)
20140703,03-Jul-2014,0.488,0.512,0,13.59,7.28,3.53,8.83,8.32,7.3,4.21,7.63,10.78,8.03,0.03,38.96,0.87,
20140704,04-Jul-2014,0.48,0.52,0,13.44,7.29,3.29,8.87,8.32,7.27,4.22,7.56,10.68,7.94,0.03,39.04,0.88,
20140705,05-Jul-2014,0.497,0.503,0,13.59,7.29,2.99,8.75,8.33,7.26,4.24,7.53,10.67,7.87,0.03,38.76,0.9,
20140706,06-Jul-2014,0.473,0.527,0,13.96,7.28,3.2,8.72,8.38,7.23,4.25,7.49,10.64,7.88,0.03,38.91,0.9,Data validated 07/07/2014 (sm)
20140707,07-Jul-2014,0.427,0.573,0,13.92,7.28,2.99,8.81,8.41,7.23,4.25,7.45,10.51,7.97,0.03,38.11,0.92,Data validated 07/08/2014 (sm)
20140708,08-Jul-2014,0.078,0.922,0,12.06,7.18,2.43,8.83,8.53,7.2,4.25,7.4,8.46,7.88,0.03,38.22,0.88,Data validated 07/09/2014 (sm)
20140709,09-Jul-2014,0.212,0.788,0,14.39,7.27,10.65,8.2,8.58,7.28,4.17,7.42,8.54,8.06,0.03,38.36,0.88,Data validated 07/10/2014 (sm)
20140710,10-Jul-2014,0.374,0.626,0,14.51,7.33,5.65,8.68,8.55,7.29,4.11,7.41,10.29,7.98,0.03,39.55,0.87,Data validated 07/11/2014 (sm)
20140711,11-Jul-2014,0.349,0.651,0,14.5,7.33,5.75,8.71,8.59,7.28,4.14,7.37,10.25,7.86,0.03,39.71,0.88,
20140712,12-Jul-2014,0.343,0.657,0,14.55,7.33,14.31,8.67,8.61,7.29,4.15,7.33,9.26,7.94,0.03,38.41,0.86,
20140713,13-Jul-2014,0.161,0.839,0,15.1,7.32,2.9,8.67,8.53,7.3,4.15,7.28,8.82,7.89,0.03,39.14,0.86,Data validated 07/14/2014 (sm)
20140714,14-Jul-2014,0.287,0.713,0,14.61,7.3,4.83,8.02,8.55,7.3,4.14,7.27,8.26,8.06,0.03,38.69,0.88,Data validated 07/15/2014 (sm)
20140715,15-Jul-2014,0.178,0.822,0,14.65,7.25,16.42,7.78,8.53,7.28,4.25,7.22,8.37,8.02,0.03,37.96,0.82,Data validated 07/16/2014 (sm)
20140716,16-Jul-2014,0.174,0.826,0,14.58,7.31,17.63,7.94,8.52,7.26,4.26,7.2,8.38,8.01,0.03,38.76,0.9,Data validated 07/17/2014 (sm)
20140717,17-Jul-2014,0.188,0.812,0,14.62,7.33,8.13,8.12,8.46,7.28,4.27,7.16,8.65,7.96,0.03,39.05,0.89,
20140718,18-Jul-2014,0.324,0.676,0,14.42,7.42,17.12,8.72,8.49,7.25,4.25,7.09,9.8,7.96,0.03,39.02,0.88,
20140719,19-Jul-2014,0.408,0.592,0,15.54,7.46,4.69,8.62,8.52,7.24,4.22,7.12,10.78,7.87,0.03,38.06,0.89,
20140720,20-Jul-2014,0.463,0.537,0,16.57,7.48,2.84,8.63,8.7,7.2,4.26,7.01,11.86,7.81,0.03,38.73,0.87,Data validated 07/21/2014 (sm)
20140721,21-Jul-2014,0.455,0.545,0,16.26,7.47,3.89,8.47,8.65,7.2,4.24,7.01,11.87,7.95,0.03,38.44,0.9,Data validated 07/22/2014 (sm)
20140722,22-Jul-2014,0.493,0.507,0,16.14,7.47,3.15,8.46,8.68,7.2,4.31,7.75,12.12,7.95,0.03,37.45,0.88,Data validated 07/23/2014 (sm)
20140723,23-Jul-2014,0.477,0.523,0,17.27,7.49,2.93,8.28,8.74,7.19,4.29,8.18,12.52,7.88,0.03,39.53,0.93,Data validated 07/24/2014 (sm)
20140724,24-Jul-2014,0.495,0.505,0,17.15,7.5,2.2,8.27,8.74,7.2,4.22,8.19,12.5,7.95,0.03,39.07,0.87,Data validated 07/25/2014 (sm)
20140725,25-Jul-2014,0.464,0.536,0,16.49,7.49,1.74,8.29,8.75,7.21,4.12,8.22,12.45,7.89,0.03,39.42,0.89,
20140726,26-Jul-2014,0.48,0.52,0,16.19,7.48,2.07,8.37,8.68,7.2,4.15,8.1,12.21,7.9,0.03,37.97,0.88,
20140727,27-Jul-2014,0.466,0.534,0,15.92,7.45,1.29,8.27,8.72,7.21,4.07,8.15,12.12,7.86,0.03,38.62,0.9,Data validated 07/28/2014 (sm)
20140728,28-Jul-2014,0.446,0.554,0,15.94,7.48,2.33,8.47,8.66,7.24,4.11,8.13,11.87,7.84,0.03,38.58,0.89,Data validated 07/29/2014 (sm)
20140729,29-Jul-2014,0.511,0.489,0,16.33,7.5,1.75,8.37,8.65,7.25,3.95,8.14,13.03,7.89,0.03,38.22,0.9,Data validated 07/30/2014 (sm)
20140730,30-Jul-2014,0,1,0,,,,,8.86,7.25,3.83,8.1,8.74,7.82,0.03,39.95,0.88,Data validated 07/31/2014 (sm)
20140731,31-Jul-2014,0.212,0.788,0,15.52,7.54,0.62,7.62,9.29,7.22,3.75,8.08,8.64,7.97,0.03,38.72,0.82,Data validated 08/01/2014 (sm)
20140801,01-Aug-2014,0.345,0.655,0,15.4,7.45,8.18,8.09,8.52,7.28,4.03,8.03,10.85,7.99,0.05,38.23,0.86,
20140802,02-Aug-2014,0.329,0.671,0,15.29,7.49,3.52,8.29,8.55,7.25,3.91,8.01,10.87,7.82,0.03,38.79,0.89,
20140803,03-Aug-2014,0.543,0.457,0,16.48,7.59,4.4,8.26,8.62,7.24,3.87,8.01,12.55,7.85,0.03,38.59,0.87,
20140804,04-Aug-2014,0.494,0.506,0,16.83,7.62,2.46,8.25,8.63,7.22,3.91,7.94,13.03,7.71,0.03,38.61,0.89,Data validated 08/05/2014 (sm)
20140805,05-Aug-2014,0.154,0.846,0,16.19,7.69,0.86,7.99,8.64,7.23,3.9,7.92,9.16,7.93,0.03,37.73,0.9,Data validated 08/06/2014 (sm)
20140806,06-Aug-2014,0.31,0.69,0,15.19,7.52,2.68,8.58,8.67,7.21,4.02,7.82,10.44,7.97,0.03,38.3,0.91,Data validated 08/07/2014 (sm)
20140807,07-Aug-2014,0.493,0.507,0,15.82,7.39,3.18,8.48,8.55,7.21,4.04,7.82,11.94,7.95,0.03,39.21,0.88,Data validated 08/08/2014 (sm)
20140808,08-Aug-2014,0.618,0.382,0,15.13,7.43,1.93,8.69,8.46,7.21,4.46,7.74,12.95,7.98,0.03,38.11,0.88,
20140809,09-Aug-2014,0.667,0.333,0,15.06,7.42,1.51,8.69,8.42,7.2,4.4,7.66,13.32,7.89,0.03,38.36,0.89,
20140810,10-Aug-2014,0.707,0.293,0,15.03,7.4,4.09,8.74,8.42,7.21,4.32,7.67,13.63,7.94,0.03,38.53,0.88,Data validated 08/11/2014 (sm)
20140811,11-Aug-2014,0.59,0.41,0,15.44,7.37,2.87,8.62,8.45,7.2,4.4,7.62,13.29,7.85,0.03,38.91,0.89,Data validated 08/12/2014 (sm)
20140812,12-Aug-2014,0.554,0.446,0,15.67,7.35,2.44,8.6,8.49,7.2,4.36,7.62,12.82,7.95,0.03,40.14,0.86,Data validated 08/13/2014 (sm)
20140813,13-Aug-2014,0.512,0.488,0,16.09,7.3,1.92,8.49,8.49,7.18,4.49,7.56,12.87,7.8,0.03,39.66,0.85,Data validated 08/14/2014 (sm)
20140814,14-Aug-2014,0.576,0.424,0,16.02,7.29,2.05,8.52,8.51,7.17,4.52,7.52,12.92,8.04,0.03,38.51,0.86,Data validated 08/15/2014 (sm)
20140815,15-Aug-2014,0.461,0.539,0,15.65,7.28,8.39,8.38,8.49,7.18,4.56,7.5,12.67,7.94,0.03,39.26,0.88,
20140816,16-Aug-2014,0.57,0.43,0,15.64,7.33,3.02,8.52,8.49,7.18,4.71,7.41,12.74,7.98,0.03,39.77,0.89,
20140817,17-Aug-2014,0.591,0.409,0,16.24,7.3,2.55,8.43,8.51,7.17,4.61,7.44,13.28,7.93,0.03,39.52,0.87,Data validated 08/18/2014 (sm)
20140818,18-Aug-2014,0.551,0.449,0,16.24,7.29,3.54,8.41,8.7,7.17,4.61,7.39,13.24,7.88,0.03,38.48,0.89,Data validated 08/19/2014 (sm)
20140819,19-Aug-2014,0.552,0.448,0,15.31,7.3,2.49,8.6,9.08,7.15,4.49,6.6,12.64,7.99,0.03,38.28,0.86,Data validated 08/20/2014 (sm)
20140820,20-Aug-2014,0.537,0.463,0,15.38,7.32,4.76,8.48,9.12,7.14,4.67,6.07,12.8,7.99,0.03,39.51,0.88,
20140821,21-Aug-2014,0.535,0.465,0,15.81,7.31,1.64,8.4,9.12,7.15,4.78,6.01,12.73,7.99,0.03,39.35,0.86,
20140822,22-Aug-2014,0.602,0.398,0,15.3,7.3,1.3,8.45,9.09,7.17,4.53,6.09,12.97,7.97,0.03,38.66,0.89,
20140823,23-Aug-2014,0.707,0.293,0,15.11,7.35,1.7,8.56,9.05,7.17,4.69,5.98,13.68,7.97,0.03,38.4,0.88,
20140824,24-Aug-2014,0.699,0.301,0,14.22,7.37,1.84,8.8,9.04,7.17,4.65,5.95,13.28,7.85,0.03,38.3,0.9,Data validated 08/25/2014 (sm)
20140825,25-Aug-2014,0.638,0.362,0,14.42,7.33,1.62,8.75,9.07,7.17,4.72,5.91,12.97,7.95,0.03,38.5,0.91,"Horsetooth DO suspect, under investigation.

Data validated 08/25/2014 (sm)"
20140826,26-Aug-2014,0.558,0.442,0,14.66,7.31,2.34,8.67,9.1,7.16,4.56,5.87,12.38,8.02,0.03,39.38,0.86,Data validated 08/27/2014 (sm)
20140827,27-Aug-2014,0.184,0.816,0,13.04,6.99,1.45,8.01,9.08,7.14,4.62,5.84,9.99,7.96,0.03,38.78,0.85,Data validated 08/28/2014 (sm)
20140828,28-Aug-2014,0.305,0.695,0,14.76,7.23,3.03,7.97,9.03,7.16,4.58,5.87,10.41,8,0.03,39.24,0.93,Data validated 08/29/2014 (sm)
20140829,29-Aug-2014,0.427,0.573,0,13.5,7.34,4.92,8.95,8.99,7.18,4.51,5.83,10.99,7.99,0.03,39.62,0.85,
20140830,30-Aug-2014,0.403,0.597,0,13.95,7.3,3.21,8.42,8.96,7.17,4.59,5.75,9.77,8.1,0.03,41.6,0.87,
20140831,31-Aug-2014,0.582,0.418,0,14.92,7.41,2.07,8.43,8.99,7.15,4.64,5.72,12.65,7.88,0.03,39.72,0.87,
20140901,01-Sep-2014,0.596,0.404,0,14.44,7.41,4.03,8.58,9,7.15,4.62,5.68,12.58,7.95,0.03,39.64,0.87,Data validated 09/02/2014 (sm)
20140902,02-Sep-2014,0.582,0.418,0,13.85,7.37,4.98,8.89,9.02,7.15,4.65,5.64,12.04,7.96,0.03,38.95,0.86,Data validated 09/03/2014 (sm)
20140903,03-Sep-2014,0.657,0.343,0,14.55,7.35,2.81,8.6,9.09,7.13,4.58,5.61,12.76,7.95,0.03,39.16,0.84,
20140904,04-Sep-2014,0.656,0.344,0,14.85,7.36,2.17,6.74,9.1,7.12,4.63,5.6,13.13,8.02,0.03,39.72,0.83,Data validated 09/05/2014 (sm)
20140905,05-Sep-2014,0.697,0.303,0,13.61,7.35,1.84,7.13,9.04,7.17,4.57,5.56,13,7.95,0.03,38.09,0.82,
20140906,06-Sep-2014,0.677,0.323,0,12.86,7.36,1.22,9.09,8.98,7.18,4.65,5.52,12.24,7.91,0.03,37.69,0.81,
20140907,07-Sep-2014,0.389,0.611,0,14.42,7.31,1.06,8.23,8.99,7.16,4.6,5.55,10.29,7.87,0.03,37.92,0.84,Data validated 09/08/2014 (sm)
20140908,08-Sep-2014,0.55,0.45,0,14.57,7.43,4.16,8.54,9.04,7.14,4.76,5.47,12.23,7.96,0.03,39.01,0.85,Data validated 09/09/2014 (sm)
20140909,09-Sep-2014,0.628,0.372,0,14.08,7.48,2.82,8.67,9.04,7.13,4.78,5.39,12.41,8.03,0.03,38.47,0.8,Data validated 09/10/2014 (sm)
20140910,10-Sep-2014,0.634,0.366,0,14.14,7.45,1.26,8.24,9,7.15,4.4,5.41,12.88,7.94,0.03,38.2,0.81,Data validated 09/11/2014 (sm)
20140911,11-Sep-2014,0.642,0.358,0,13.81,7.45,2.67,8.76,8.95,7.19,4.44,5.42,12.62,7.97,0.03,38.43,0.85,Data validated 09/12/2014 (sm)
20140912,12-Sep-2014,0.662,0.338,0,11.03,7.5,1.29,9.69,8.85,7.22,4.34,5.41,11.52,7.94,0.03,37.8,0.8,
20140913,13-Sep-2014,0.647,0.353,0,9.47,7.52,0.86,10.05,8.81,7.21,4.24,5.4,9.89,8,0.03,39.22,0.83,
20140914,14-Sep-2014,0.704,0.296,0,11.69,7.48,1.4,9.25,8.89,7.19,4.21,5.36,10.82,7.97,0.03,39.19,0.87,Data validated 09/15/2014 (sm)
20140915,15-Sep-2014,0.693,0.307,0,12.44,7.45,1.53,9.04,8.94,7.16,4.24,5.31,11.85,8,0.03,38.31,0.93,Data validated 09/16/2014 (sm)
20140916,16-Sep-2014,0.645,0.355,0,12.98,7.47,2.33,9.02,8.94,7.15,4.32,5.26,11.73,8.04,0.03,39.74,0.84,Data validated 09/17/2014 (sm)
20140917,17-Sep-2014,0.631,0.369,0,13.67,7.47,2.35,8.86,9.01,7.12,4.31,5.24,12.15,7.99,0.03,40.08,0.8,Data validated 09/18/2014 (sm)
20140918,18-Sep-2014,0.73,0.27,0,13.72,7.46,1.49,8.8,9.06,7.11,4.19,5.23,12.94,8.12,0.03,40.26,0.82,
20140919,19-Sep-2014,0.632,0.368,0,15.14,7.51,1.12,8.3,9.1,7.09,4.3,5.18,12.96,7.88,0.03,39.62,0.84,
20140920,20-Sep-2014,0.625,0.375,0,15.18,7.57,0.93,8.49,9.11,7.08,4.33,5.11,13.21,7.84,0.03,38.86,0.81,
20140921,21-Sep-2014,0.653,0.347,0,15.27,7.55,1,8.53,9.14,7.09,4.33,5.07,13.5,8,0.03,39.21,0.8,Data validated 09/22/2014 (sm)
20140922,22-Sep-2014,0.718,0.282,0,14.53,7.54,0.78,8.67,9.11,7.11,4.38,4.97,13.52,7.99,0.03,39.38,0.81,Data validated 09/23/2014 (sm)
20140923,23-Sep-2014,0.712,0.288,0,14.51,7.54,0.68,8.58,9.1,7.1,4.34,4.91,13.53,7.95,0.03,40.14,0.83,Data validated 09/24/2014 (sm)
20140924,24-Sep-2014,0.688,0.312,0,14.69,7.57,0.8,8.64,9.11,7.09,4.41,4.88,13.23,7.95,0.03,40.1,0.82,Data validated 09/25/2014 (sm)
20140925,25-Sep-2014,0.689,0.311,0,14.99,7.58,0.43,8.6,9.13,7.08,4.26,4.88,13.53,7.85,0.03,39.43,0.77,
20140926,26-Sep-2014,0.684,0.316,0,15.28,7.6,0.29,8.48,9.18,7.08,4.26,4.84,13.66,7.98,0.03,38.92,0.81,
20140927,27-Sep-2014,0.708,0.292,0,15.51,7.61,0.29,8.37,9.2,7.07,4.28,4.74,14,7.93,0.03,39.49,0.82,
20140928,28-Sep-2014,0.733,0.267,0,14.91,7.63,0.21,8.48,9.21,7.08,4.3,4.7,14.1,7.91,0.03,39.36,0.81,Data validated 09/29/2014 (sm)
20140929,29-Sep-2014,0.499,0.501,0,13.29,7.47,0.64,8.26,9.12,7.12,4.32,4.71,12.27,7.93,0.03,39.88,0.83,
20140930,30-Sep-2014,0.486,0.514,0,13.34,7.6,3.05,8.65,9.04,7.16,4.2,4.73,11.3,7.86,0.03,39.29,0.81,
20141001,01-Oct-2014,0,1,0,,,,,8.99,7.18,4.07,4.74,8.95,8.03,0.03,39.96,0.83,
20141002,02-Oct-2014,0.252,0.748,0,13.12,7.47,6.82,7.7,8.95,7.2,3.98,4.74,9.18,8.11,0.03,40.37,0.81,
20141003,03-Oct-2014,0.322,0.678,0,10.13,7.64,3.26,9.99,8.96,7.19,3.88,4.8,9.79,7.96,0.03,39.65,0.81,
20141004,04-Oct-2014,0.484,0.516,0,9.42,7.69,2.51,10.03,8.97,7.2,3.83,4.76,9.32,7.97,0.03,39.79,0.78,
20141005,05-Oct-2014,0.666,0.334,0,10.15,7.7,1.75,9.69,9.02,7.17,3.8,4.73,10.07,8.02,0.03,40.08,0.82,
20141006,06-Oct-2014,0.595,0.405,0,10.53,7.7,1.27,9.57,9.02,7.15,3.85,4.68,10.13,7.98,0.03,39.56,0.87,
20141007,07-Oct-2014,0.58,0.42,0,11.08,7.68,1.07,9.42,9.05,7.13,3.88,4.63,10.24,7.99,0.03,39.53,0.8,Data validated 10/08/2014 (sm)
20141008,08-Oct-2014,0.576,0.424,0,11.44,7.67,0.88,9.36,9.04,7.12,3.88,4.57,10.51,7.89,0.03,39.72,0.81,Data validated 10/09/2014 (sm)
20141009,09-Oct-2014,0.559,0.441,0,11.28,7.66,0.65,9.38,9.01,7.13,3.84,4.56,10.64,7.93,0.03,39.74,0.83,Data validated 10/10/2014 (sm)
20141010,10-Oct-2014,0.494,0.506,0,10.5,7.65,0.69,9.54,8.92,7.17,3.87,4.51,9.92,7.92,0.03,39.58,0.81,
20141011,11-Oct-2014,0.531,0.469,0,9.9,7.67,0.95,9.76,8.91,7.18,3.98,4.39,9.7,7.96,0.03,40.98,0.83,
20141012,12-Oct-2014,0.529,0.471,0,10.42,7.67,0.73,9.46,8.92,7.16,3.95,4.37,9.84,8.01,0.03,41.32,0.84,Data validated 10/13/2014 (sm)
20141013,13-Oct-2014,0.618,0.382,0,8.67,7.73,0.83,10.18,8.92,7.17,3.86,4.72,9.04,7.94,0.03,40.15,0.82,Data validated 10/14/2014 (sm)
20141014,14-Oct-2014,0.776,0.224,0,8,7.73,0.72,10.34,8.9,7.16,3.87,5.08,8.54,7.97,0.03,38.89,0.79,Data validated 10/15/2014 (sm)
20141015,15-Oct-2014,0.468,0.532,0,8.65,7.67,0.45,10.05,8.98,7.15,3.75,5.05,9.04,7.96,0.03,39.19,0.8,Data validated 10/16/2014 (sm)
20141016,16-Oct-2014,0.4,0.6,0,8.96,7.7,0.67,10.01,9.02,7.12,3.72,5.03,8.78,8.08,0.03,40.57,0.82,Data validated 10/17/2014 (sm)
20141017,17-Oct-2014,0.492,0.508,0,9.37,7.7,0.65,9.85,9.01,7.11,3.74,5.03,9.1,8.04,0.03,39.9,0.84,
20141018,18-Oct-2014,0.56,0.44,0,8.87,7.67,0.65,10,9.04,7.16,3.77,5.01,9.22,7.89,0.03,39.17,0.83,
20141019,19-Oct-2014,0.507,0.493,0,8.85,7.67,0.59,9.94,9.03,7.16,3.77,4.88,8.95,7.98,0.03,38.68,0.88,Data validated 10/20/2014 (sm)
20141020,20-Oct-2014,0.754,0.246,0,9.28,7.73,1.21,9.83,9.09,7.15,4.28,4.81,9.27,7.88,0.03,38.55,0.86,Data validated 10/21/2014 (sm)
20141021,21-Oct-2014,1,0,0,9.2,7.72,0.73,9.64,,,,,9.41,7.81,0.03,38.59,0.83,Data validated 10/22/2014 (sm)
20141022,22-Oct-2014,1,0,0,9.51,7.77,0.57,9.77,,,,,9.42,7.85,0.03,38.98,0.84,Data validated 10/23/2014 (sm)
20141023,23-Oct-2014,1,0,0,8.74,7.84,0.63,9.95,,,,,9.17,7.91,0.03,39.15,0.9,Data validated 10/24/2014 (sm)
20141024,24-Oct-2014,0.999,0,0.001,8.68,7.82,0.56,9.99,,,,,9.09,7.82,0.03,38.7,0.89,
20141025,25-Oct-2014,0.999,0,0.001,8.58,7.81,0.52,10.01,,,,,8.97,7.78,0.03,39.88,0.89,
20141026,26-Oct-2014,0.999,0,0.001,8.73,7.83,0.5,9.91,,,,,8.94,7.78,0.04,40.34,0.87,Data validated 10/27/2014 (sm)
20141027,27-Oct-2014,0.999,0,0.001,8.76,7.85,0.72,9.83,,,,,9.11,7.88,0.03,40.4,0.9,Data validated 10/28/2014 (sm)
20141028,28-Oct-2014,0.999,0,0.001,6.66,7.87,0.53,10.67,,,,,8.52,7.89,0.03,39.67,0.89,Data validated 10/29/2014 (sm)
20141029,29-Oct-2014,0.999,0,0.001,5.49,7.91,0.53,11.09,,,,,7.68,8.03,0.03,39.95,0.88,Data validated 10/30/2014 (sm)
20141030,30-Oct-2014,1,0,0,5.95,7.89,0.59,10.88,,,,,7.91,8.02,0.03,40.62,0.89,Data validated 10/31/2014 (sm)
20141031,31-Oct-2014,1,0,0,5.57,7.9,0.81,11.06,,,,,7.59,8.02,0.03,40.34,0.86,
20141101,01-Nov-2014,1,0,0,5.55,7.89,0.3,10.96,,,,,7.64,7.97,0.03,39.19,0.85,
20141102,02-Nov-2014,1,0,0,5.57,7.9,0.44,10.85,,,,,7.63,7.93,0.03,39.08,0.87,Data validated 11/03/2014 (sm)
20141103,03-Nov-2014,1,0,0,6.24,7.87,0.6,10.55,,,,,7.94,7.98,0.03,38.41,0.86,Data validated 11/04/2014 (sm)
20141104,04-Nov-2014,1,0,0,5.44,7.92,0.3,11.08,,,,,7.71,7.93,0.03,38.71,0.84,Data validated 11/05/2014 (sm)
20141105,05-Nov-2014,1,0,0,4.57,7.94,0.25,11.35,,,,,7.11,7.89,0.03,39.16,0.88,"Horsetooth Reservoir Water 
           Temperature:8.2'C
                              pH:6.84
                  Turbidity:4.32
Dissolved Oxygen:4.32 (same reading as turbidity)

Data validated 11/06/2014 (sm)"
20141106,06-Nov-2014,1,0,0,5.03,7.93,0.22,11.26,,,,,7.45,8,0.03,39.64,0.88,"Horsetooth Reservoir Water:
Temperature: 8.2'c
pH: 6.82
Turbidity: 4.30
Dissolved Oxygen: 4.27

Data validated 11/07/2014 (sm)"
20141107,07-Nov-2014,1,0,0,5.08,7.92,0.23,11.12,,,,,7.38,7.92,0.03,39.17,0.87,
20141108,08-Nov-2014,1,0,0,5.93,7.9,0.24,10.81,,,,,7.78,7.99,0.03,39.12,0.91,
20141109,09-Nov-2014,1,0,0,5.66,7.91,0.26,10.84,,,,,7.77,7.88,0.03,39,0.88,"Horsetooth Reservoir Water:
Temperature: 8.6'C
pH:7.00 Units
Turbidity: 2.2 NTU
Dissolved Oxygen: 3.9 mg/L


Data validated 11/10/2014 (sm)"
20141110,10-Nov-2014,1,0,0,5.75,7.91,0.29,10.63,,,,,7.77,7.94,0.03,38.81,0.84,
20141111,11-Nov-2014,1,0,0,4.04,7.96,1.19,11.67,,,,,7.52,7.94,0.03,38.98,0.85,"Horsetooth Reservoir Water:
Temperature: 8.2'C
Dissolved Oxygen: 4.32
Turbidity: 3.88
pH: 6.71
Data validated 11/12/2014 (sm)"
20141112,12-Nov-2014,1,0,0,1.91,7.94,2.53,12.49,,,,,6.32,7.9,0.03,39.24,0.89,"Horsetooth Reservoir Water:
Temperature: 8.2'C
pH: 7.06
Turbidity: 1.85
Dissoloved Oxygen: 4.22

Data Validated 11/13/2014 (sm)"
20141113,13-Nov-2014,1,0,0,1.7,7.84,0.39,12.54,,,,,6.02,7.88,0.03,39.63,0.85,"Horsetooth Reservoir Water:
Temperature: 8.2'C
pH: 
Turbidity: 3.88
Dissolved Oxygen: 4.21

Data validated 11/14/2014 (sm)"
20141114,14-Nov-2014,1,0,0,1.29,7.87,1,12.37,,,,,5.37,7.82,0.03,40.36,0.88,
20141115,15-Nov-2014,1,0,0,1.25,7.85,1.64,12.24,,,,,5.03,7.85,0.03,40.8,0.85,
20141116,16-Nov-2014,1,0,0,1.27,7.79,0.32,12.32,,,,,5.13,7.99,0.03,40.9,0.88,"Horsetooth Reservoir Water:
Temperature: 8.7
pH: 7.06
Turbidity: 1.5
Dissolved Oxygen: 5.1

Poudre River Water Dissolved Oxygen is actually 11.1 not 12.3

Data validated 11/17/2014 (sm)"
20141117,17-Nov-2014,1,0,0,1.24,7.81,0.21,12.33,,,,,5.02,7.92,0.03,39.81,0.89,
20141118,18-Nov-2014,1,0,0,1.21,7.85,0.37,12.31,,,,,5.23,7.9,0.04,39.35,0.88,
20141119,19-Nov-2014,1,0,0,1.18,7.85,0.6,12.31,,,,,5.09,7.97,0.03,39.56,0.85,"Horsetooth Reservoir Water:
Turbidity: 0.90
Temperature: 8.1
pH: 7.22
Dissolved Oxygen: 8.22

Actual Poudre River Water Dissolved Oxygen is 11.6

Data validated 11/20/2014 (sm)"
20141120,20-Nov-2014,1,0,0,1.07,7.81,0.75,12.32,,,,,4.72,8.05,0.03,39.87,0.86,"Horsetooth Reservoir Water:
Dissolved Oxygen: 8.36
Turbidity: 1.00
pH: 7.23
Temperature: 8.2

Data validated 11/21/2014 (sm)"
20141121,21-Nov-2014,1,0,0,1.22,7.75,0.67,11.59,,,,,4.99,8.02,0.04,39.48,0.88,
20141122,22-Nov-2014,1,0,0,1.33,7.75,0.63,11.59,,,,,5.27,7.93,0.03,37.69,0.87,
20141123,23-Nov-2014,1,0,0,1.24,7.77,0.72,11.51,,,,,5.24,7.97,0.04,38.57,0.9,"Horsetooth Reservoir Water:
Temperature: 8.2'c
pH: 7.45
Turbidity: 1.26
Dissolved Oxygen: 8.1

Data validated 11/24/2014 (sm)"
20141124,24-Nov-2014,1,0,0,0.97,7.81,0.87,11.64,,,,,5,7.97,0.03,38.72,0.87,"Horsetooth Reservoir Water:
Temperature: 7.5'C
pH: 7.32
Turbidity: 1.10
Dissolved Oxygen: 9.1

Data validated 11/25/2014 (sm)"
20141125,25-Nov-2014,1,0,0,1.03,7.81,0.52,11.7,,,,,4.77,7.84,0.03,38.52,0.83,"Horsetooth Reservoir Water:
Dissolved Oxygen: 9.2
Turbidity: 1.10
pH: 7.32
Temperature: 7.4'C


Data validated 11/26/2014 (sm)"
20141126,26-Nov-2014,1,0,0,1.36,7.97,0.6,11.64,,,,,4.64,8.05,0.03,38.77,0.86,
20141127,27-Nov-2014,1,0,0,1.35,8.12,0.62,11.72,,,,,4.6,8.09,0.03,38.42,0.88,
20141128,28-Nov-2014,1,0,0,1.66,8.03,0.87,11.58,,,,,4.93,8.08,0.03,38.12,0.88,
20141129,29-Nov-2014,1,0,0,2.01,8.05,0.67,11.45,,,,,5.59,7.96,0.03,38.07,0.87,
20141130,30-Nov-2014,1,0,0,2.1,8.04,0.74,11.22,,,,,5.63,7.91,0.03,38.32,0.86,"Horsetooth Reservoir Water:
Dissolved Oxygen: 8.4
pH: 7.48
Temperature: 7.3'C
Turbidity: 1.16

Data validated 12/1/2014 (sm)"
20141201,01-Dec-2014,1,0,0,1.69,7.97,1.44,11.61,,,,,5.08,7.85,0.03,38.95,0.93,"Horsetooth Reservoir Water:
pH: 7.37
Temperature: 6.9'C
Turbidity: 0.93
Dissolved Oxygen: 8.59

Data validated 12/02/2014 (sm)"
20141202,02-Dec-2014,1,0,0,1.12,7.85,0.81,11.25,,,,,3.85,7.92,0.03,39.05,0.93,"Horsetooth Reservoir Water:
Dissolved Oxygen: 8.65
Turbidity: 0.95
Temperature: 6.9'C
pH: 7.42

Data validated 12/03/2014 (sm)"
20141203,03-Dec-2014,1,0,0,1.27,7.83,0.83,11.44,,,,,4.42,8.01,0.03,39.68,0.89,"Horsetooth Reservoir Water:
Dissolved Oxygen: 8.71
Turbidity: 0.90
pH: 7.42
Temperature: 6.8'C

Data validated 12/04/2014 (sm)"
20141204,04-Dec-2014,1,0,0,1.29,7.84,0.68,11.47,,,,,4.33,7.87,0.03,39.81,0.85,"Horsetooth Reservoir Water:
Dissolved Oxygen: 8.74
Turbidity: 0.83
pH: 7.41
Temperature: 6.7'C

Data validated 12/05/2014 (sm)"
20141205,05-Dec-2014,1,0,0,1.61,7.82,0.69,11.33,,,,,4.52,8,0.03,39.8,0.87,
20141206,06-Dec-2014,1,0,0,1.91,7.79,0.6,11.45,,,,,4.68,8,0.03,40.36,0.89,
20141207,07-Dec-2014,1,0,0,1.6,7.81,0.59,11.59,,,,,4.54,7.94,0.03,40.71,0.88,"Horsetooth Reservoir Water:
Temperature: 7.0
pH: 7.50
Turbidity: 1.18
Dissolved Oxygen: 8.5

Data validated 12/08/2014 (sm)"
20141208,08-Dec-2014,1,0,0,1.47,7.79,5.14,11.65,,,,,3.83,7.93,0.03,40.31,0.87,"Horsetooth Reservoir Water:
Dissolved Oxygen: 9.08
Turbidity: 0.81
pH: 7.43
Temperature: 6.5

Data validated 12/09/2014 (sm)"
20141209,09-Dec-2014,1,0,0,1.46,7.84,0.88,11.73,,,,,4.04,8,0.03,39.21,0.84,"Horsetooth Reservoir Water:
Dissolved Oxygen: 9.05
Turbidity: 0.85
pH: 7.44
Temperature: 6.5

Data validated 12/10/2014 (sm)"
20141210,10-Dec-2014,1,0,0,1.78,7.84,0.69,11.69,,,,,5.28,8.05,0.03,38.99,0.86,"Horsetooth Reservoir Water:
Dissolved Oxygen: 9.15
Turbidity: 0.85
pH: 7.45
Temperature: 6.5

Data validated 12/11/2014 (sm)"
20141211,11-Dec-2014,1,0,0,1.46,7.85,0.6,11.72,,,,,4.71,7.98,0.03,39.22,0.87,"Horsetooth Reservoir Water:
Dissolved Oxygen: 9.12
Turbidity: 0.95
pH: 7.44
Temperature: 6.4

Data validated 12/12/2014 (sm)"
20141212,12-Dec-2014,1,0,0,1.41,7.85,0.49,11.7,,,,,4.58,7.97,0.03,39.34,0.87,
20141213,13-Dec-2014,1,0,0,1.31,7.86,0.63,11.66,,,,,4.47,8.01,0.03,39.96,0.87,
20141214,14-Dec-2014,1,0,0,1.29,7.86,0.77,11.54,,,,,4.48,8,0.03,39.8,0.88,"Horsetooth Reservoir Water:
Dissolved Oxygen: 8.8
pH: 7.56
Temperature: 6.7
Turbidity: 1.00

Data validated 12/15/2014 (sm)"
20141215,15-Dec-2014,1,0,0,1.43,7.85,0.61,11.5,,,,,4.41,8.04,0.03,39.29,0.9,"Horsetooth Reservoir Water:
Dissolved Oxygen: 9.38
Turbidity: 0.90
pH: 7.48
Temperature: 6.2

Data validated 12/16/2014 (sm)"
20141216,16-Dec-2014,1,0,0,1.31,7.87,0.46,11.7,,,,,4.39,7.83,0.03,39.43,0.92,"Horsetooth Reservoir Water:
Dissolved Oxygen: 9.42
Turbidity: 0.88
pH: 7.48
Temperature: 6.0

Data validated 12/17/2014 (sm)"
20141217,17-Dec-2014,1,0,0,1.22,7.9,0.44,11.67,,,,,4.23,7.94,0.03,39.24,0.87,"Horsetooth Reservoir Water:
Dissolved Oxygen: 9.46
Turbidity: 0.85
pH: 7.74
Temperature: 5.9

Data validated 12/18/2014 (sm)"
20141218,18-Dec-2014,1,0,0,1.15,7.9,0.7,11.68,,,,,3.86,8.01,0.03,38.43,0.85,"Horsetooth Reservoir Water:
Dissolved Oxygen: 9.55
Turbidity: 0.95
pH: 7.47
Temperature: 5.9

Data validated 12/19/2014 (sm)"
20141219,19-Dec-2014,1,0,0,1.15,7.85,0.54,11.71,,,,,3.82,8.06,0.03,38.49,0.84,
20141220,20-Dec-2014,1,0,0,1.15,7.9,0.47,11.67,,,,,3.72,7.86,0.03,38.58,0.84,
20141221,21-Dec-2014,1,0,0,1.17,7.92,0.42,11.62,,,,,3.55,8.02,0.03,39.11,0.84,"Horsetooth Reservoir Water:
Dissolved Oxygen: 9.3
pH: 7.60
Temperature: 6.1
Turbidity: 1.2

Data validated 12/22/2014 (sm)"
20141222,22-Dec-2014,1,0,0,1.19,7.89,0.63,11.52,,,,,3.59,8.05,0.03,39.08,0.86,"Horsetooth Reservoir Water:
Dissolved Oxygen: 10.08
Turbidity: 1.22
pH: 7.79
Temperature: 5.2

Data validated 12/23/2014 (sm)"
20141223,23-Dec-2014,0.655,0.345,0,1.13,7.88,0.47,11.66,5.19,7.75,1.04,10.1,3.74,8.02,0.03,38.55,0.9,Data validated 12/24/2014 (sm)
20141224,24-Dec-2014,0.606,0.394,0,1.09,7.9,0.38,11.72,4.99,7.72,1.12,10.16,3.17,7.9,0.03,39.04,0.87,
20141225,25-Dec-2014,0.603,0.397,0,1.1,7.91,0.39,11.47,4.91,7.72,1.1,10.15,3.1,7.92,0.03,39.14,0.87,
20141226,26-Dec-2014,0.61,0.39,0,1.04,7.89,0.45,11.59,4.76,7.72,1.13,10.17,3,8.12,0.03,38.74,0.87,
20141227,27-Dec-2014,0.592,0.408,0,1,7.89,0.4,11.71,4.61,7.73,1.16,10.21,2.91,7.89,0.03,38.23,0.88,
20141228,28-Dec-2014,0.574,0.426,0,1.02,7.89,0.34,11.68,4.49,7.74,1.17,10.25,3.02,7.95,0.03,39.18,0.89,Data validated 12/29/2014 (sm)
20141229,29-Dec-2014,0.591,0.409,0,1.01,7.91,0.29,11.66,4.41,7.77,1.11,10.29,2.86,7.91,0.03,40.31,0.86,Data validated 12/30/2014 (sm)
20141230,30-Dec-2014,0.578,0.422,0,0.89,7.93,0.36,11.88,4.25,7.79,1.12,10.34,2.89,7.88,0.03,40.23,0.89,Data validated 12/31/2014 (sm)
20141231,31-Dec-2014,0.636,0.364,0,0.82,7.92,0.32,11.92,4.06,7.8,1.1,10.38,2.5,7.88,0.03,39.05,0.91,
20150101,01-Jan-2015,0.66,0.34,0,0.78,7.93,0.44,11.84,3.93,7.84,1.1,10.44,2.38,7.99,0.03,40.3,0.87,Data validated 01/2/2015 (sm)
20150102,02-Jan-2015,0.741,0.259,0,0.75,7.9,0.46,11.78,3.88,7.84,1.1,10.47,2,8.09,0.03,40.84,0.89,
20150103,03-Jan-2015,0.667,0.333,0,0.75,7.89,0.37,11.7,3.82,7.86,1.11,10.51,2.17,8.07,0.03,39.24,0.89,
20150104,04-Jan-2015,0.737,0.263,0,0.67,7.87,0.37,11.85,3.73,7.85,1.11,10.5,1.94,7.96,0.03,39.29,0.91,Data validated 01/05/2015 (sm)
20150105,05-Jan-2015,0.722,0.278,0,0.68,7.87,0.34,11.85,3.57,7.88,1.25,10.6,1.92,8.13,0.03,39.45,0.88,Data validated 01/06/2015 (sm)
20150106,06-Jan-2015,0.735,0.265,0,0.75,7.87,0.41,11.82,3.38,7.91,1.4,10.76,1.84,8.17,0.03,39.24,0.84,Data validated 01/07/2015 (sm)
20150107,07-Jan-2015,0.732,0.268,0,0.7,7.79,0.37,11.96,3.34,7.93,1.46,10.81,1.83,8.13,0.03,39.93,0.89,Data validated 01/08/2015 (sm)
20150108,08-Jan-2015,0.732,0.268,0,0.73,7.68,0.38,11.84,3.25,7.94,1.51,10.88,1.79,7.9,0.03,40.44,0.89,Data validated 01/09/2015 (sm)
20150109,09-Jan-2015,0.639,0.361,0,0.76,7.67,0.35,11.86,3.16,7.96,1.51,10.95,1.88,7.89,0.03,39.52,0.89,
20150110,10-Jan-2015,0.52,0.48,0,0.86,7.68,0.36,11.79,3.12,7.95,1.5,10.96,2.37,7.81,0.04,38.88,0.88,
20150111,11-Jan-2015,0.531,0.469,0,0.9,7.68,0.45,11.72,3.15,7.94,1.54,10.91,2.39,7.88,0.05,38.79,0.87,Data validated 01/12/2015 (sm)
20150112,12-Jan-2015,0.556,0.444,0,0.83,7.68,0.53,11.79,3.64,7.81,1.6,10.84,2.35,7.9,0.05,38.8,0.88,Data validated 01/13/2015 (sm)
20150113,13-Jan-2015,0.579,0.421,0,0.83,7.67,0.47,11.79,4.16,7.64,1.46,10.91,2.19,7.95,0.04,38.77,0.9,Data validated 01/14/2015 (sm)
20150114,14-Jan-2015,0.543,0.457,0,0.89,7.67,0.62,11.79,4.22,7.62,1.6,10.81,2.32,7.97,0.04,38.59,0.88,Data validated 01/15/2015 (sm)
20150115,15-Jan-2015,0.545,0.455,0,0.92,7.66,0.56,11.78,4.24,7.61,1.59,10.76,2.36,8.01,0.04,39.37,0.88,Data validated 01/16/2015 (sm)
20150116,16-Jan-2015,0.546,0.454,0,0.9,7.66,0.65,11.76,4.15,7.65,1.51,10.85,2.34,7.88,0.04,39.95,0.85,
20150117,17-Jan-2015,0.545,0.455,0,0.93,7.67,0.92,11.69,3.85,7.82,1.45,11.27,2.22,8,0.03,39.94,0.87,
20150118,18-Jan-2015,0.548,0.452,0,0.92,7.69,0.84,11.73,3.89,7.82,1.47,11.27,2.21,7.94,0.03,40.13,0.89,
20150119,19-Jan-2015,0.536,0.464,0,0.91,7.68,1.04,11.69,3.93,7.84,1.45,11.29,2.29,7.93,0.03,40.02,0.9,Data validated 01/20/2015 (sm)
20150120,20-Jan-2015,0.585,0.415,0,0.89,7.68,0.98,11.74,3.95,7.85,1.47,11.31,2.23,8,0.03,38.79,0.86,Data validated 01/21/2015 (sm)
20150121,21-Jan-2015,0.587,0.413,0,0.81,7.7,0.71,11.8,3.68,7.87,1.61,11.3,2.32,7.88,0.03,38.47,0.88,Data validated 01/22/2015 (sm)
20150122,22-Jan-2015,0.605,0.395,0,0.79,7.71,0.55,11.84,3.28,7.87,1.63,11.28,2.09,7.89,0.03,38.32,0.86,Data validated 01/23/2015 (sm)
20150123,23-Jan-2015,0.636,0.364,0,0.75,7.73,0.58,11.81,3.3,7.86,1.7,11.22,2.02,7.96,0.04,38.61,0.86,
20150124,24-Jan-2015,0.651,0.349,0,0.74,7.75,0.63,11.78,3.25,7.91,1.64,11.3,1.9,8.02,0.04,39.35,0.88,
20150125,25-Jan-2015,0.605,0.395,0,0.8,7.72,0.67,11.72,3.2,7.97,1.52,11.42,2.01,8.06,0.04,39.31,0.86,Data validated 01/26/2015 (sm)
20150126,26-Jan-2015,0.603,0.397,0,0.87,7.69,0.73,11.75,3.23,7.99,1.53,11.45,2.24,8.05,0.03,39.62,0.86,Data validated 01/27/2015 (sm)
20150127,27-Jan-2015,0.638,0.362,0,0.76,7.7,0.9,11.76,3.34,8,1.63,11.47,2.24,7.96,0.03,40.52,0.91,Data validated 01/28/2015 (sm)
20150128,28-Jan-2015,0.403,0.597,0,0.95,7.96,0.64,11.61,3.4,7.98,1.44,11.44,2.57,8.04,0.04,39.06,0.86,
20150129,29-Jan-2015,0.505,0.495,0,1.15,8.15,0.7,11.68,3.46,7.97,1.34,11.45,2.93,8.07,0.04,39.13,0.86,"Poudre River pH is actually 7.66

Data validated 01/30/2015 (sm)"
20150130,30-Jan-2015,0.651,0.349,0,0.93,7.7,0.62,11.77,3.49,8,1.37,11.49,2.34,7.96,0.03,38.7,0.88,
20150131,31-Jan-2015,0.645,0.355,0,1.1,7.68,0.57,11.56,3.49,8.01,1.52,11.5,2.38,7.84,0.03,38.67,0.89,
20150201,01-Feb-2015,0.65,0.35,0,1.03,7.68,0.53,11.64,3.49,7.98,1.74,11.45,2.41,7.87,0.03,39,0.89,Data validated 02/02/2015 (sm)
20150202,02-Feb-2015,0.533,0.467,0,1.04,7.68,0.73,11.7,3.4,8.03,1.66,11.55,2.74,7.9,0.04,38.89,0.87,Data validated 02/03/2015 (sm)
20150203,03-Feb-2015,0.647,0.353,0,1.15,7.69,0.6,11.55,3.44,8.01,1.64,11.1,2.28,8.05,0.03,39.01,0.9,Data validated 02/04/2015 (sm)
20150204,04-Feb-2015,0.634,0.366,0,1.52,7.63,0.52,11.41,3.44,7.99,1.68,10.89,2.78,7.92,0.03,38.97,0.92,Data validated 02/05/2015 (sm)
20150205,05-Feb-2015,0.63,0.37,0,0.94,7.68,0.51,11.74,3.42,8.01,1.6,10.93,2.35,7.92,0.03,39.53,0.9,Data validated 02/06/2015 (sm)
20150206,06-Feb-2015,0.623,0.377,0,1.75,7.64,0.48,11.32,3.44,7.99,1.67,10.9,2.72,8.01,0.03,39.05,0.86,
20150207,07-Feb-2015,0.633,0.367,0,2.43,7.59,0.45,11.03,3.49,7.98,1.68,10.89,3.18,7.99,0.03,38.54,0.86,
20150208,08-Feb-2015,0.632,0.368,0,3.2,7.53,0.52,10.77,3.58,7.98,1.64,10.89,3.74,7.97,0.03,38.54,0.89,Data validated 02/09/2015 (sm)
20150209,09-Feb-2015,0.612,0.388,0,2.99,7.54,0.46,10.98,3.68,7.96,1.75,10.87,3.84,7.88,0.03,38.77,0.9,Data validated 02/10/2015 (sm)
20150210,10-Feb-2015,0.632,0.368,0,3.14,7.55,0.47,10.87,3.8,7.96,1.76,10.86,3.75,7.85,0.03,38.33,0.89,Data validated 02/11/2015 (sm)
20150211,11-Feb-2015,0.611,0.389,0,3.24,7.53,0.41,10.94,3.9,7.95,1.76,10.84,3.98,7.91,0.03,39.22,0.88,Data validated 02/12/15 (sm)
20150212,12-Feb-2015,0.629,0.371,0,2.89,7.56,0.37,11.12,3.95,7.94,1.78,10.84,3.83,7.95,0.03,39.43,0.83,Data validated 02/13/2015 (sm)
20150213,13-Feb-2015,0.61,0.39,0,3.47,7.53,0.42,10.83,4.03,7.93,1.72,10.83,4.09,7.88,0.03,39.1,0.87,
20150214,14-Feb-2015,0.629,0.371,0,3.25,7.53,0.39,10.96,4.1,7.92,1.62,10.81,4.13,7.93,0.03,39.41,0.89,
20150215,15-Feb-2015,0.613,0.387,0,3.19,7.55,0.38,10.91,4.13,7.91,1.62,10.8,4.07,7.88,0.03,39.56,0.87,
20150216,16-Feb-2015,0.623,0.377,0,1.75,7.63,0.37,11.56,4.12,7.86,1.72,10.72,3.26,7.92,0.03,39.34,0.88,
20150217,17-Feb-2015,0.641,0.359,0,1.46,7.67,0.76,11.61,4.04,7.86,1.72,10.72,2.88,7.9,0.04,39.3,0.87,Data validated 02/18/2015 (sm)
20150218,18-Feb-2015,0.537,0.463,0,1.6,7.63,0.33,11.54,3.92,7.84,1.5,10.75,3.07,8.33,0.04,40.38,0.84,
20150219,19-Feb-2015,0.591,0.409,0,1.65,7.66,0.65,11.48,3.99,7.83,1.41,10.74,3.15,7.93,0.04,38.92,0.9,Data validated 02/20/2015 (sm)
20150220,20-Feb-2015,0.607,0.393,0,2.98,7.58,0.56,10.83,4.01,7.84,1.34,10.74,3.91,7.94,0.04,39.23,0.87,
20150221,21-Feb-2015,0.572,0.428,0,2.2,7.59,0.39,11.21,3.97,7.82,1.35,10.7,3.74,7.85,0.04,39.3,0.87,
20150222,22-Feb-2015,0.593,0.407,0,1.03,7.67,0.61,11.84,3.88,7.82,1.36,10.68,2.96,7.94,0.04,40.44,0.87,Data validated 02/23/2015 (sm)
20150223,23-Feb-2015,0.579,0.421,0,0.9,7.7,0.36,11.84,3.85,7.8,1.35,10.66,2.72,7.98,0.04,40.16,0.87,Data validated 02/24/2015 (sm)
20150224,24-Feb-2015,0.564,0.436,0,0.95,7.74,0.3,11.76,3.88,7.79,1.33,10.61,2.79,7.83,0.04,39.17,0.85,Data validated 02/25/2015 (sm)
20150225,25-Feb-2015,0.564,0.436,0,0.95,7.73,0.49,11.65,3.9,7.77,1.35,10.55,2.81,8.13,0.04,40.12,0.86,Data validated 02/26/2015 (sm)
20150226,26-Feb-2015,0.572,0.428,0,0.87,7.71,0.4,11.76,3.68,7.81,1.38,10.68,2.72,8.07,0.04,39.33,0.89,Data validated 02/27/2015 (sm)
20150227,27-Feb-2015,0.548,0.452,0,0.84,7.71,0.66,11.77,3.7,7.78,1.35,10.6,2.77,8.02,0.04,39.17,0.89,
20150228,28-Feb-2015,0.471,0.529,0,0.83,7.71,0.34,11.7,3.63,7.77,1.29,10.6,2.86,7.95,0.04,39.8,0.87,
20150301,01-Mar-2015,0.467,0.533,0,0.84,7.73,0.31,11.74,3.68,7.75,1.32,10.53,3.02,7.94,0.04,39.91,0.82,Data validated 03/02/2015 (sm)
20150302,02-Mar-2015,0.551,0.449,0,0.79,7.75,0.4,11.78,3.69,7.74,1.36,10.5,2.72,8.05,0.03,39.65,0.86,Data validated 03/03/2015 (sm)
20150303,03-Mar-2015,0.554,0.446,0,0.77,7.72,0.45,11.59,3.5,7.78,1.32,10.62,2.6,8.05,0.03,39.79,0.86,Data validated 03/04/2015 (sm)
20150304,04-Mar-2015,0.563,0.437,0,0.71,7.7,0.34,11.71,3.42,7.8,1.3,10.66,2.53,7.83,0.03,38.77,0.91,Data validated 03/06/2015 (sm)
20150305,05-Mar-2015,0.551,0.449,0,0.7,7.7,0.31,11.88,3.42,7.79,1.34,10.45,2.53,7.87,0.03,38.31,0.91,Data validated 03/06/2015 (sm)
20150306,06-Mar-2015,0.589,0.411,0,0.75,7.73,0.49,11.99,3.49,7.75,1.38,10.28,2.49,7.94,0.03,38.71,0.88,
20150307,07-Mar-2015,0.574,0.426,0,0.75,7.72,0.74,12.01,3.51,7.76,1.33,10.36,2.53,7.98,0.03,39.31,0.87,
20150308,08-Mar-2015,0.594,0.406,0,0.82,7.7,0.98,11.97,3.59,7.79,1.3,10.51,2.49,7.89,0.03,39.56,0.88,Data validated 03/09/2015 (sm)
20150309,09-Mar-2015,0.537,0.463,0,1.04,7.68,0.85,11.89,3.68,7.84,1.29,10.71,2.52,7.92,0.03,39.72,0.91,Data validated 03/10/2015 (sm)
20150310,10-Mar-2015,0.554,0.446,0,1.91,7.61,0.72,11.63,3.8,7.84,1.27,10.75,3.14,7.84,0.03,38.02,0.92,Data validated 03/11/2015 (sm)
20150311,11-Mar-2015,0.522,0.478,0,3.15,7.55,0.71,11.25,3.91,7.82,1.29,10.74,3.79,8.07,0.03,38.62,0.87,Data validated 03/12/2015 (sm)
20150312,12-Mar-2015,0.492,0.508,0,3.83,7.52,0.76,11.03,4.07,7.82,1.29,10.77,4.13,7.84,0.03,39.43,0.87,Data validated 03/13/2015 (sm)
20150313,13-Mar-2015,0.468,0.532,0,4.53,7.49,0.89,10.77,4.17,7.82,1.27,10.8,4.49,7.9,0.03,38.64,0.88,
20150314,14-Mar-2015,0.346,0.654,0,4.64,7.53,0.8,10.81,4.29,7.82,1.26,10.84,4.42,7.95,0.03,38.91,0.87,
20150315,15-Mar-2015,0.479,0.521,0,5.73,7.46,1.13,10.43,4.47,7.82,1.24,10.89,5.08,7.93,0.03,38.51,0.86,Data validated 03/16/2015 (sm)
20150316,16-Mar-2015,0.477,0.523,0,7.57,7.38,2.21,9.74,4.59,7.81,1.26,10.89,5.87,7.97,0.03,38.26,0.87,Data validated 03/17/2015 (sm)
20150317,17-Mar-2015,0.451,0.549,0,8.18,7.34,3.14,9.66,4.73,7.78,1.28,10.88,6.35,7.8,0.03,38.88,0.89,Data validated 03/18/2015 (sm)
20150318,18-Mar-2015,0.455,0.545,0,5.6,7.4,2.07,10.68,4.74,7.78,1.32,9.72,5.52,7.79,0.03,39.07,0.84,Data validated 03/19/2015 (sm)
20150319,19-Mar-2015,0.439,0.561,0,5.45,7.43,1.53,10.61,4.72,7.76,1.39,8.53,5.15,8,0.03,40.15,0.88,Data validated 03/20/2015 (sm)
20150320,20-Mar-2015,0.442,0.558,0,5.64,7.43,1.59,10.73,4.73,7.76,1.39,8.52,5.33,7.86,0.03,39.65,1,
20150321,21-Mar-2015,0.453,0.547,0,6.58,7.4,1.73,10.35,4.75,7.75,1.41,8.57,5.54,7.75,0.03,38.74,0.94,
20150322,22-Mar-2015,0.471,0.529,0,7.52,7.36,1.77,9.99,4.78,7.73,1.39,8.65,6,7.71,0.03,38.52,0.9,Data validated 03/23/2015 (sm)
20150323,23-Mar-2015,0.479,0.521,0,8.19,7.35,1.83,9.79,4.81,7.73,1.34,9.8,6.48,7.75,0.03,38.55,0.89,Data validated 03/24/2015 (sm)
20150324,24-Mar-2015,0.553,0.447,0,7.47,7.71,2.24,10.16,5.07,7.78,1.54,10.69,6.67,7.92,0.03,38.73,0.89,Data validated 03/25/2015 (sm)
20150325,25-Mar-2015,0.576,0.424,0,7.11,8.08,1.74,10.27,5.13,7.76,1.55,10.77,6.5,7.85,0.04,38.62,0.87,Data validated 03/26/2015 (sm)
20150326,26-Mar-2015,0.578,0.422,0,5.72,8.14,1.71,10.93,5.02,7.73,1.8,10.75,5.99,7.88,0.04,38.81,0.9,Data validated 03/27/2015 (sm)
20150327,27-Mar-2015,0.57,0.43,0,6.39,8.13,1.73,10.58,5.1,7.73,1.68,10.77,5.79,7.86,0.04,38.59,0.89,
20150328,28-Mar-2015,0.503,0.497,0,8.76,8.05,2.1,9.68,5.25,7.73,1.94,10.83,6.77,8.01,0.04,39.18,0.88,
20150329,29-Mar-2015,0.541,0.459,0,9.77,8.01,2.5,9.55,5.26,7.71,1.8,10.78,7.74,7.9,0.04,39.59,0.84,Data validated 03/30/2015 (sm)
20150330,30-Mar-2015,0.545,0.455,0,9.38,8,2.6,9.73,5.56,7.76,1.6,10.93,7.75,7.89,0.04,38.92,0.83,Data validated 03/31/2015 (sm)
20150331,31-Mar-2015,0.548,0.452,0,9.63,7.98,2.84,9.64,5.54,7.73,1.67,10.89,7.96,7.9,0.04,38.02,0.85,Data validated 04/01/2015 (sm)
20150401,01-Apr-2015,0.54,0.46,0,10.16,7.94,3.45,9.38,5.64,7.73,1.71,10.92,8.26,8.07,0.04,39.77,0.82,Data validated 04/02/2015 (sm)
20150402,02-Apr-2015,0.403,0.597,0,8.66,7.93,4.85,9.9,5.39,7.71,1.79,10.87,7.56,7.95,0.04,39.07,0.82,Data validated 04/03/2015 (sm)
20150403,03-Apr-2015,0.213,0.787,0,6.15,8.01,3.21,11.08,5.39,7.7,1.67,10.88,5.9,8.16,0.03,39.16,0.86,
20150404,04-Apr-2015,0.215,0.785,0,6.02,8.04,3.11,10.97,5.5,7.71,1.61,10.92,5.76,8.26,0.03,39.41,0.85,
20150405,05-Apr-2015,0.271,0.729,0,6.79,8.04,5.75,10.56,5.5,7.69,1.54,10.89,5.93,8.06,0.04,39.04,0.85,Data validated 04/06/2015 (sm)
20150406,06-Apr-2015,0.259,0.741,0,8.05,7.99,4.8,10.09,5.57,7.68,1.53,10.88,6.35,8.03,0.03,38.74,0.84,
20150407,07-Apr-2015,0.254,0.746,0,9.25,7.96,4.24,9.72,5.55,7.65,1.52,10.82,6.56,7.97,0.04,38.47,0.82,Data validated 04/08/2015 (sm)
20150408,08-Apr-2015,0.342,0.658,0,9.57,7.94,4.21,9.63,5.58,7.64,1.48,10.81,7.03,8.01,0.04,39.03,0.81,Data validated 04/09/2015 (sm)
20150409,09-Apr-2015,0.357,0.643,0,8.6,7.94,4.22,10.04,5.69,7.63,1.6,10.82,6.99,7.98,0.04,39.14,0.83,Data validated 04/10/2015 (sm)
20150410,10-Apr-2015,0.34,0.66,0,8.13,7.96,4.3,10.36,5.74,7.63,1.45,10.81,6.78,8.12,0.04,39.39,0.88,
20150411,11-Apr-2015,0.283,0.717,0,8.17,7.97,4.22,10.27,5.79,7.62,1.42,10.81,6.6,8.05,0.04,39.53,0.91,
20150412,12-Apr-2015,0.23,0.77,0,8.52,7.96,4.24,10.06,5.76,7.6,1.42,10.77,6.48,7.96,0.04,40.01,0.85,
20150413,13-Apr-2015,0.222,0.778,0,8.9,7.94,4.29,10.07,5.89,7.61,1.38,10.8,6.64,8.01,0.04,39.56,0.86,Data validated 04/14/2015 (sm)
20150414,14-Apr-2015,0.254,0.746,0,9.43,7.94,4.57,9.86,5.91,7.6,1.37,10.78,6.83,8.06,0.04,38.79,0.88,Data validated 04/15/2015 (sm)
20150415,15-Apr-2015,0.31,0.69,0,10.05,7.74,7.35,9.22,6.02,7.57,1.44,10.74,7.3,7.93,0.04,38.7,0.86,Data validated 04/16/2015 (sm)
20150416,16-Apr-2015,0.35,0.65,0,8.22,7.81,7.08,11.29,6.05,7.57,1.36,10.71,7.03,8.14,0.04,38.67,0.87,Data validated 04/17/2015 (sm)
20150417,17-Apr-2015,0.445,0.555,0,4.44,7.92,7.68,12.1,6.03,7.56,1.36,10.71,6.04,8.05,0.04,38.84,0.85,
20150418,18-Apr-2015,0.473,0.527,0,2.83,8.01,8.13,12.57,5.99,7.55,1.32,10.67,4.75,8.02,0.04,38.25,0.86,
20150419,19-Apr-2015,0.448,0.552,0,6,7.83,13.65,11.13,6.08,7.54,1.36,10.62,5.75,7.99,0.04,39.98,0.87,
20150420,20-Apr-2015,0.449,0.551,0,6.55,7.95,11.19,10.95,6.14,7.54,1.29,10.63,6.58,7.99,0.04,39.35,0.85,
20150421,21-Apr-2015,0.397,0.603,0,7.14,7.96,12.39,10.62,6.17,7.52,1.36,10.58,6.97,7.99,0.05,38.16,0.84,
20150422,22-Apr-2015,0.328,0.672,0,8.02,7.93,20.35,10.27,6.15,7.5,1.37,10.15,7.27,7.98,0.05,38.31,0.81,
20150423,23-Apr-2015,0.256,0.744,0,8.62,7.78,24.48,9.87,6.2,7.5,1.33,9.76,7.24,7.99,0.04,39.13,0.86,
20150424,24-Apr-2015,0.375,0.625,0,8.46,7.65,18.33,9.43,6.21,7.47,1.43,9.68,7.47,7.98,0.06,38.77,0.86,
20150425,25-Apr-2015,0.263,0.737,0,7.94,7.69,19.57,10.07,6.2,7.44,1.47,9.64,7.24,7.93,0.06,38.01,0.85,
20150426,26-Apr-2015,0.23,0.77,0,7.55,7.7,20.69,10.17,6.26,7.41,1.53,9.62,7.05,7.96,0.04,38.09,0.89,
20150427,27-Apr-2015,0.131,0.869,0,8.33,7.63,17.97,9.38,6.25,7.37,1.6,9.58,6.75,8.11,0.04,38.89,0.93,
20150428,28-Apr-2015,0.185,0.815,0,7.91,7.65,32.99,10.18,6.24,7.34,1.59,9.55,6.99,7.97,0.05,39.21,0.85,
20150429,29-Apr-2015,0.211,0.789,0,7.95,7.69,34.44,10.41,6.31,7.32,1.68,9.52,7.03,8.13,0.05,40.05,0.79,
20150430,30-Apr-2015,0.215,0.785,0,9.72,7.62,41.25,9.63,6.32,7.28,1.74,9.45,7.44,7.99,0.05,39.87,0.85,
20150501,01-May-2015,0.185,0.815,0,9.78,7.57,35.97,9.57,6.34,7.28,1.68,9.46,7.4,7.96,0.04,39.46,0.88,
20150502,02-May-2015,0.184,0.816,0,9.85,7.53,33.1,9.63,6.39,7.27,1.76,9.42,7.43,8.09,0.04,39.77,0.88,
20150503,03-May-2015,0.197,0.803,0,9.58,7.47,29.16,9.77,6.37,7.25,1.85,9.38,7.42,8.02,0.04,39.54,0.9,
20150504,04-May-2015,0.226,0.774,0,9.19,7.54,28.16,10.01,6.39,7.25,1.9,9.38,7.51,8.07,0.04,39.13,0.92,
20150505,05-May-2015,0.256,0.744,0,8.66,7.66,21.86,10.3,6.34,7.23,1.97,9.3,7.51,7.94,0.05,38.45,0.87,
20150506,06-May-2015,0.237,0.763,0,8.23,7.65,21.7,10.4,6.32,7.35,2.06,9.27,7.41,8.04,0.06,39.18,0.88,
20150507,07-May-2015,0.216,0.784,0,8.46,7.64,19.43,10.23,6.39,7.48,1.46,9.28,7.33,7.97,0.04,39.31,0.88,
20150508,08-May-2015,0.221,0.779,0,8.34,7.63,17.91,10.46,6.36,7.45,1.42,9.17,7.33,8.01,0.05,38.55,0.88,
20150509,09-May-2015,0.189,0.811,0,8.04,7.7,12.26,10.57,6.37,7.45,1.38,9.16,7.22,7.98,0.04,38.65,0.86,
20150510,10-May-2015,0.22,0.78,0,7.81,7.73,24.91,10.76,6.41,7.46,1.22,9.24,7.19,8.01,0.05,39.05,0.87,
20150511,11-May-2015,0.295,0.705,0,6.55,7.85,31.19,10.87,6.52,7.48,0.93,9.31,7.18,7.88,0.06,38.54,0.88,
20150512,12-May-2015,0.297,0.703,0,7.15,7.83,42.96,9.57,6.6,7.48,1.02,9.25,7.32,8.07,0.06,38.15,0.9,
20150513,13-May-2015,0.286,0.714,0,8.12,7.72,26.25,9.12,6.7,7.36,1.03,9.21,7.57,7.96,0.04,38.3,0.87,
20150514,14-May-2015,0.321,0.679,0,8.07,7.69,21.56,9.33,6.68,7.3,1.05,9.16,7.82,7.95,0.05,38.52,0.85,
20150515,15-May-2015,0.325,0.675,0,8.5,7.67,17.01,9.03,6.75,7.28,1.13,9.09,7.79,8.06,0.04,38.51,0.86,
20150516,16-May-2015,0.33,0.67,0,8.24,7.65,15.23,9.18,6.75,7.28,1.12,9.1,7.84,8.07,0.04,39.33,0.89,
20150517,17-May-2015,0.323,0.677,0,7.73,7.64,12.84,9.4,6.81,7.27,1.18,9.05,7.68,8.02,0.04,40.36,0.88,
20150518,18-May-2015,0.327,0.673,0,8.6,7.63,12.34,9.09,6.83,7.26,1.2,9.04,7.79,8.05,0.04,39.12,0.88,
20150519,19-May-2015,0.367,0.633,0,7.88,7.63,11,9.55,6.88,7.25,1.26,8.97,7.89,8.01,0.05,38.6,0.86,
20150520,20-May-2015,0.309,0.691,0,7.5,7.59,16.54,9.74,6.84,7.24,1.27,8.96,7.66,7.95,0.04,38.95,0.85,
20150521,21-May-2015,0.358,0.642,0,6.77,7.66,20.04,10,6.84,7.24,1.25,8.94,7.44,8.06,0.05,39.49,0.88,
20150522,22-May-2015,0.365,0.635,0,7.54,7.66,16.56,9.48,6.79,7.21,1.43,8.81,7.59,8.09,0.05,39.69,0.9,
20150523,23-May-2015,0.364,0.636,0,8.1,7.64,17.77,9.32,6.8,7.2,1.44,8.78,7.87,8.02,0.05,39.89,0.9,
20150524,24-May-2015,0.379,0.621,0,8.11,7.64,16.89,9.33,6.82,7.18,1.43,8.75,7.91,8.02,0.05,40.28,0.86,
20150525,25-May-2015,0.386,0.614,0,8.22,7.63,15.28,9.24,6.88,7.17,1.49,8.68,7.98,7.99,0.05,40.52,0.85,
20150526,26-May-2015,0.395,0.605,0,8.49,7.61,12.87,9.18,6.88,7.15,1.64,8.6,8.09,8.15,0.05,39.6,0.89,
20150527,27-May-2015,0.403,0.597,0,9.14,7.58,13.81,8.96,6.91,7.15,1.68,8.55,8.33,7.98,0.05,39.93,0.9,
20150528,28-May-2015,0.442,0.558,0,9.67,7.53,24.72,8.85,6.98,7.21,1.82,8.48,8.73,7.93,0.05,39.35,0.88,
20150529,29-May-2015,0.421,0.579,0,9.5,7.48,19.23,9.04,7,7.22,1.95,8.36,8.71,8.17,0.05,39.75,0.84,
20150530,30-May-2015,0.427,0.573,0,8.92,7.51,12.99,9.32,7,7.22,2.05,8.3,8.5,8.07,0.05,40.58,0.85,
20150531,31-May-2015,0.4,0.6,0,10.25,7.46,15.87,8.73,7.08,7.22,2.01,8.32,8.77,8.01,0.04,40.76,0.91,
20150601,01-Jun-2015,0.364,0.636,0,10.31,7.37,21.28,8.77,7.14,7.24,1.79,8.39,8.95,7.97,0.04,39.86,0.92,
20150602,02-Jun-2015,0.309,0.691,0,9.77,7.3,17.33,8.91,7.12,7.22,1.93,8.31,8.5,7.95,0.03,38.84,0.87,
20150603,03-Jun-2015,0.307,0.693,0,9.98,7.38,23.25,8.84,7.22,7.23,1.75,8.36,8.54,8.07,0.03,38.6,0.84,
20150604,04-Jun-2015,0.3,0.7,0,10.05,7.41,21.82,8.87,7.23,7.21,1.87,8.27,8.54,8.12,0.03,39.02,0.89,
20150605,05-Jun-2015,0.31,0.69,0,10.4,7.37,19.79,8.74,7.39,7.21,1.72,8.29,8.66,8.05,0.03,38.85,0.9,
20150606,06-Jun-2015,0.324,0.676,0,9.88,7.36,18.51,8.98,7.33,7.21,1.76,8.22,8.65,7.98,0.03,39.29,0.87,
20150607,07-Jun-2015,0.309,0.691,0,9.76,7.34,17.02,8.99,7.39,7.21,1.61,8.27,8.57,7.95,0.03,39.5,0.88,
20150608,08-Jun-2015,0.296,0.704,0,9.5,7.38,19.52,9.18,7.42,7.29,1.71,8.18,8.45,8.09,0.03,39.89,0.93,
20150609,09-Jun-2015,0.317,0.683,0,10.56,7.38,39.72,8.88,7.5,7.32,1.64,8.18,8.72,8.11,0.03,38.82,0.88,
20150610,10-Jun-2015,0.315,0.685,0,10.79,7.35,19.51,8.84,7.55,7.32,1.63,8.13,8.86,8.06,0.03,39.95,0.88,
20150611,11-Jun-2015,0.288,0.712,0,9.81,7.36,14.43,9.09,7.52,7.31,1.72,8.04,8.43,7.84,0.03,40.17,0.89,
20150612,12-Jun-2015,0,1,0,,,,,7.54,7.32,1.67,8.06,7.64,7.95,0.03,38.08,0.89,
20150613,13-Jun-2015,0,1,0,,,,,7.56,7.31,1.69,7.97,7.62,8.27,0.03,40.28,0.89,
20150614,14-Jun-2015,0,1,0,,,,,7.59,7.31,1.58,8.03,7.59,8.21,0.03,39.52,0.87,
20150615,15-Jun-2015,0.199,0.801,0,10.77,7.27,20.96,7.24,7.6,7.3,1.7,7.89,7.86,8.17,0.03,39.09,0.88,
20150616,16-Jun-2015,0.343,0.657,0,10.64,7.33,18.33,8.88,7.63,7.31,1.57,7.93,8.92,8.18,0.03,39.53,0.9,
20150617,17-Jun-2015,0.36,0.64,0,10.67,7.35,13.49,8.92,7.63,7.31,1.57,7.9,9.11,8.02,0.03,39.09,0.87,
20150618,18-Jun-2015,0.347,0.653,0,11.53,7.34,13.05,8.62,7.68,7.31,1.51,7.91,9.1,7.91,0.03,37.99,0.87,
20150619,19-Jun-2015,0.349,0.651,0,12.4,7.33,16.26,8.48,7.73,7.3,1.55,7.84,9.45,7.9,0.03,38.24,0.88,
20150620,20-Jun-2015,0.413,0.587,0,12.44,7.35,9.25,8.52,7.79,7.3,1.46,7.88,9.8,8.01,0.03,38.06,0.88,
20150621,21-Jun-2015,0.31,0.69,0,12.85,7.36,6.04,8.39,7.82,7.3,1.49,7.79,9.78,7.86,0.03,36.31,0.9,
20150622,22-Jun-2015,0.245,0.755,0,12.55,7.34,5.86,8.25,7.86,7.3,1.52,7.78,9.06,8.07,0.03,37.35,0.87,
20150623,23-Jun-2015,0.351,0.649,0,13.18,7.39,6.28,8.24,7.9,7.31,1.42,7.81,9.83,8.07,0.03,39.31,0.84,
20150624,24-Jun-2015,0.459,0.526,0.016,13.26,7.48,5.41,8.25,8.33,7.16,1.37,7.55,10.85,8.05,0.03,39.66,0.87,
20150625,25-Jun-2015,0.488,0.48,0.031,12.82,7.58,4.85,8.35,7.89,7.03,1.39,7.76,11.09,7.9,0.03,38.68,0.88,
20150626,26-Jun-2015,0.546,0.433,0.021,14,7.59,4.28,8.09,7.96,7.02,1.3,7.79,11.7,7.96,0.03,38.48,0.89,
20150627,27-Jun-2015,0.556,0.413,0.031,14.26,7.49,3.32,8.11,7.96,7,1.3,7.73,12.32,7.97,0.03,38.87,0.87,
20150628,28-Jun-2015,0.571,0.402,0.026,14.12,7.44,3.07,8.13,8.01,7,1.32,7.68,12.26,8.01,0.03,40.86,0.9,
20150629,29-Jun-2015,0.438,0.54,0.022,13.43,7.57,3.38,8.23,8.01,6.99,1.37,7.61,11,7.84,0.03,40.84,0.91,
20150630,30-Jun-2015,0.51,0.452,0.039,14.1,7.61,2.87,8.15,8.03,6.99,1.43,7.52,11.57,8.02,0.03,39.11,0.86,
20150701,01-Jul-2015,0.558,0.411,0.031,13.88,7.58,3.5,8.12,8.06,7,1.4,7.5,11.99,7.99,0.03,38.36,0.87,
20150702,02-Jul-2015,0.549,0.425,0.026,14.42,7.59,2.89,8.02,8.03,6.99,1.42,7.43,11.82,7.97,0.03,38.43,0.86,
20150703,03-Jul-2015,0.611,0.363,0.026,14.64,7.56,2.93,7.87,8.07,6.99,1.46,7.38,12.64,8.04,0.03,39.35,0.85,
20150704,04-Jul-2015,0.571,0.405,0.024,14.96,7.58,2.68,7.88,8.09,6.99,1.48,7.35,12.78,7.89,0.03,39.47,0.88,
20150705,05-Jul-2015,0.603,0.368,0.028,14.1,7.6,2.99,8.04,8.06,6.98,1.48,7.27,12.27,7.99,0.03,39.24,0.87,
20150706,06-Jul-2015,0.635,0.323,0.042,13.4,7.57,5.72,8.18,8.05,7,1.33,7.37,12.54,7.89,0.03,38.84,0.86,
20150707,07-Jul-2015,0.75,0.222,0.028,12.56,7.63,3.21,8.39,7.98,6.99,1.39,7.22,12.26,8.01,0.03,38.99,0.83,
20150708,08-Jul-2015,0.807,0.168,0.024,12.05,7.6,9.68,8.45,7.94,7,1.34,7.25,12.56,7.95,0.04,39.58,0.81,
20150709,09-Jul-2015,0.64,0.326,0.034,11.61,7.61,13.8,8.57,7.89,7.24,1.44,7.12,11.59,7.81,0.05,39.24,0.84,
20150710,10-Jul-2015,0.561,0.407,0.032,12.7,7.57,5.73,8.15,7.91,7.43,1.35,7.19,11.11,8.01,0.04,38.7,0.87,
20150711,11-Jul-2015,0.543,0.433,0.024,13.37,7.62,6.33,8.12,7.94,7.42,1.44,7.08,11.42,7.97,0.03,39.47,0.86,
20150712,12-Jul-2015,0.625,0.338,0.036,13.97,7.63,4.26,8.04,7.98,7.42,1.38,7.05,12.08,8.01,0.03,39.05,0.86,
20150713,13-Jul-2015,0.54,0.432,0.028,14.62,7.55,3.58,7.85,8.03,7.41,1.49,6.98,12.34,7.85,0.03,38.11,0.9,
20150714,14-Jul-2015,0.533,0.435,0.032,13.87,7.64,2.75,8.02,8.03,7.42,1.46,6.98,12,7.9,0.03,38.12,0.87,
20150715,15-Jul-2015,0.507,0.463,0.03,13.42,7.67,4.11,8.07,8.06,7.43,1.4,7.02,11.54,7.96,0.03,38.63,0.88,
20150716,16-Jul-2015,0.541,0.425,0.035,14.12,7.68,3.16,7.99,8.04,7.42,1.42,6.92,11.84,7.93,0.03,38.25,0.9,
20150717,17-Jul-2015,0.522,0.453,0.025,14.57,7.66,3.61,7.79,8.07,7.43,1.36,6.96,12.06,7.87,0.03,37.49,0.85,
20150718,18-Jul-2015,0.519,0.44,0.042,14.09,7.65,3.03,7.99,8.08,7.42,1.39,6.87,11.81,7.98,0.03,37.55,0.88,
20150719,19-Jul-2015,0.518,0.45,0.033,13.6,7.64,2.16,8.09,8.08,7.41,1.43,6.79,12.01,7.88,0.03,35.28,0.9,
20150720,20-Jul-2015,0.438,0.537,0.025,13.58,7.69,2.43,8.11,8.09,7.41,1.44,6.77,10.81,7.99,0.03,32.86,0.9,
20150721,21-Jul-2015,0.521,0.444,0.035,14.05,7.68,2.48,7.96,8.12,7.42,1.38,6.78,11.57,8.09,0.03,39.32,0.84,
20150722,22-Jul-2015,0.661,0.307,0.032,14.14,7.7,2.27,7.91,8.12,7.42,1.34,6.79,13.18,7.99,0.03,40.33,0.89,
20150723,23-Jul-2015,0.491,0.479,0.029,14.53,7.67,2.13,7.88,8.11,7.42,1.39,6.71,11.82,7.9,0.03,39.58,0.89,
20150724,24-Jul-2015,0.481,0.486,0.033,15.05,7.65,2.13,7.8,8.15,7.41,1.36,6.68,12.06,7.99,0.03,39.18,0.87,
20150725,25-Jul-2015,0.487,0.479,0.034,15.2,7.68,2.12,7.75,8.2,7.43,1.3,6.74,12.13,7.9,0.03,39.08,0.89,
20150726,26-Jul-2015,0.536,0.431,0.033,15.7,7.65,2.68,7.62,8.24,7.42,1.35,6.64,12.54,7.99,0.03,39.62,0.86,
20150727,27-Jul-2015,0.521,0.452,0.027,15.82,7.65,2.07,7.57,8.26,7.42,1.35,6.62,13.19,7.93,0.03,38.63,0.89,
20150728,28-Jul-2015,0.485,0.485,0.03,15.57,7.6,1.79,7.67,8.31,7.42,1.31,6.65,12.47,7.86,0.03,38.1,0.88,
20150729,29-Jul-2015,0.529,0.441,0.03,15.41,7.63,1.71,7.76,8.34,7.44,1.19,6.71,12.87,7.98,0.03,38.71,0.88,
20150730,30-Jul-2015,0.521,0.449,0.03,16.02,7.63,1.83,7.62,8.37,7.44,1.13,6.69,12.98,7.98,0.03,38.95,0.9,
20150731,31-Jul-2015,0.43,0.534,0.036,16.37,7.64,1.7,7.54,8.4,7.44,1.16,6.65,12.75,7.9,0.03,38.41,0.89,
20150801,01-Aug-2015,0.403,0.569,0.028,16.5,7.69,1.65,7.39,8.41,7.44,,6.61,12.09,7.91,0.03,38.04,0.88,
20150802,02-Aug-2015,0.464,0.516,0.02,15.8,,,7.68,8.44,7.44,,6.56,12.78,7.93,0.03,38.91,0.9,
20150803,03-Aug-2015,0.448,0.516,0.036,16.07,7.61,1.74,7.56,8.43,7.44,,6.53,12.46,7.99,0.03,37.81,0.89,
20150804,04-Aug-2015,0.557,0.408,0.035,15.57,7.7,1.78,7.67,8.45,7.45,,6.52,13.46,8.13,0.03,38.19,0.87,
20150805,05-Aug-2015,0.517,0.458,0.025,15.68,7.7,1.88,7.65,8.45,7.44,,6.51,13.26,7.9,0.02,38.13,0.89,
20150806,06-Aug-2015,0.474,0.501,0.025,15.76,7.62,2.02,7.62,8.48,7.44,1.22,6.47,12.85,7.95,0.03,38.2,0.89,
20150807,07-Aug-2015,0.444,0.525,0.032,15.5,7.71,2.03,7.69,8.49,7.45,1.22,6.44,12.63,7.96,0.03,37.51,0.87,
20150808,08-Aug-2015,0.48,0.487,0.032,15.21,7.67,2.32,7.73,8.49,7.44,,6.4,12.49,8.1,0.03,37.64,0.86,
20150809,09-Aug-2015,0.488,0.486,0.026,15.47,7.67,2.39,7.68,8.48,7.44,,6.36,12.89,8,0.03,36.91,0.88,
20150810,10-Aug-2015,0.474,0.494,0.031,15.56,7.67,2.16,7.69,8.49,7.45,1.23,6.32,12.73,7.99,0.03,36.84,0.88,
20150811,11-Aug-2015,0.569,0.398,0.033,15.97,7.67,2.24,7.58,8.5,7.45,1.24,6.26,13.69,8.02,0.03,37.23,0.87,
20150812,12-Aug-2015,0.502,0.478,0.019,15.97,7.65,2.12,7.6,8.53,7.45,1.26,6.24,13.6,7.94,0.03,38.91,0.89,
20150813,13-Aug-2015,0.454,0.515,0.032,16.07,7.62,2.16,7.56,8.53,7.45,,6.21,12.92,8.07,0.03,38.66,0.88,
20150814,14-Aug-2015,0.502,0.467,0.031,16.48,7.63,2.6,7.47,8.52,7.44,,6.12,13.52,8.03,0.03,37.56,0.89,
20150815,15-Aug-2015,0.599,0.369,0.032,17,7.69,2.74,7.3,8.55,7.44,,6.09,14.76,8.07,0.03,37.8,0.87,
20150816,16-Aug-2015,0.449,0.527,0.024,15.15,7.66,2.74,6.86,8.61,7.44,1.33,6.04,14.74,7.98,0.03,38.5,0.86,
20150817,17-Aug-2015,0.261,0.718,0.021,13.68,,,6.54,8.62,7.45,,6.1,10.66,8.11,0.03,38.24,0.91,
20150818,18-Aug-2015,0.541,0.424,0.036,15.96,7.72,5.77,7.55,8.53,7.38,,6,13.54,8,0.03,39.72,0.83,
20150819,19-Aug-2015,0.721,0.231,0.048,13.97,7.64,4.57,8.05,8.51,6.97,1.32,5.93,14.33,7.94,0.03,38.97,0.88,
20150820,20-Aug-2015,0.597,0.388,0.015,14.54,7.79,3.62,7.87,8.52,6.79,,5.89,13.61,7.89,0.03,39.2,0.9,
20150821,21-Aug-2015,0.459,0.515,0.026,15.16,7.84,1.15,7.71,8.59,6.78,,5.92,12.65,7.94,0.03,38.84,0.89,
20150822,22-Aug-2015,0.515,0.448,0.037,15.61,7.82,0.93,7.57,8.61,6.77,,5.84,12.95,8.07,0.03,39.15,0.86,
20150823,23-Aug-2015,0.569,0.407,0.024,14.77,7.79,0.76,7.86,8.61,6.78,1.29,5.79,13.46,7.95,0.03,39.41,0.91,
20150824,24-Aug-2015,0.542,0.428,0.029,14.99,7.82,0.72,7.75,8.66,6.78,,5.7,12.51,8,0.03,38.71,0.92,
20150825,25-Aug-2015,0.536,0.437,0.027,16,7.67,0.66,7.51,8.72,6.95,,5.66,12.78,7.9,0.03,38.83,0.86,
20150826,26-Aug-2015,0.494,0.482,0.024,16.36,7.79,,7.41,8.75,7.07,,5.62,13.02,7.9,0.03,38.94,0.84,
20150827,27-Aug-2015,0.534,0.434,0.032,15.6,7.72,0.76,7.57,8.77,7.06,1.22,5.64,12.59,8.08,0.03,39.05,0.86,
20150828,28-Aug-2015,0.505,0.474,0.021,15.74,7.78,0.86,7.54,8.78,7.05,1.27,5.56,13.07,7.95,0.03,39.33,0.89,
20150829,29-Aug-2015,0.532,0.436,0.032,15.5,7.76,1.08,7.64,8.78,7.05,1.23,5.49,12.53,8.01,0.03,39.01,0.88,
20150830,30-Aug-2015,0.595,0.388,0.017,16.54,7.82,0.9,7.25,8.83,7.04,1.23,5.45,13.71,7.95,0.03,39.36,0.86,
20150831,31-Aug-2015,0.565,0.412,0.024,17.17,7.81,0.57,7.09,8.83,7.04,1.24,5.39,13.79,7.93,0.03,39.55,0.87,
20150901,01-Sep-2015,0.518,0.454,0.028,16.54,7.75,0.39,7.21,8.83,7.04,1.11,5.33,13.46,7.81,0.03,39.56,0.9,
20150902,02-Sep-2015,0.503,0.476,0.021,16.43,7.73,0.35,7.27,8.82,7.04,1.11,5.34,13.15,7.99,0.03,40.2,0.91,
20150903,03-Sep-2015,0.524,0.451,0.025,16.13,7.71,0.39,7.33,8.84,7.03,1.1,5.26,13.08,7.93,0.03,39.61,0.87,
20150904,04-Sep-2015,0.611,0.367,0.022,14.84,7.72,0.62,7.66,8.83,7.03,1.14,5.21,13.31,7.97,0.03,38.91,0.86,
20150905,05-Sep-2015,0.601,0.379,0.021,15.37,7.73,0.81,7.55,8.84,7.03,1.21,5.12,13.31,7.93,0.03,38.26,0.89,
20150906,06-Sep-2015,0.57,0.404,0.026,15.33,7.66,2.27,7.57,8.89,7.03,1.19,5.11,13.41,7.99,0.03,38.83,0.88,
20150907,07-Sep-2015,0.561,0.416,0.023,14.25,7.64,2.15,7.87,8.89,7.03,1.18,5.07,12.61,8.01,0.03,39,0.9,
20150908,08-Sep-2015,0.628,0.339,0.033,13.68,7.69,1.65,8.03,8.87,7.02,1.24,4.94,12.73,8.08,0.03,38.89,0.87,
20150909,09-Sep-2015,0.55,0.427,0.024,13.74,7.68,1.42,8.03,8.99,7.11,1.31,4.91,12.62,8.02,0.03,39.38,0.88,
20150910,10-Sep-2015,0.559,0.411,0.031,13.73,7.69,1.24,8.01,8.9,7.18,1.35,4.84,12.06,8.05,0.03,39.05,0.88,
20150911,11-Sep-2015,0.541,0.433,0.026,14.1,7.71,1.27,7.95,8.96,7.19,1.26,4.82,12.53,8.04,0.03,38.88,0.9,
20150912,12-Sep-2015,0.545,0.429,0.026,14.51,7.73,1.1,7.84,8.96,7.18,1.34,4.72,12.49,7.98,0.03,39.44,0.89,
20150913,13-Sep-2015,0.54,0.44,0.02,14.68,7.76,0.77,7.71,8.97,7.17,1.37,4.69,12.55,7.97,0.03,39.9,0.88,
20150914,14-Sep-2015,0.475,0.504,0.021,14.23,7.73,0.59,7.63,9.04,7.18,1.4,4.66,12.08,7.86,0.03,39.26,0.88,
20150915,15-Sep-2015,0,0.974,0.026,,,,,9.07,7.17,1.41,4.6,8.88,8.06,0.03,39.98,0.9,
20150916,16-Sep-2015,0,0.973,0.027,,,,,9.12,7.18,1.37,4.54,8.77,8.09,0.03,40.48,0.85,
20150917,17-Sep-2015,0.125,0.856,0.019,14.02,7.84,1.52,6.5,9.09,7.17,1.58,4.41,8.79,7.98,0.03,40.36,0.87,
20150918,18-Sep-2015,0.271,0.702,0.028,14.34,7.76,1.66,7.01,9.12,7.17,1.55,4.36,10.22,8,0.02,39.03,0.9,
20150919,19-Sep-2015,0.385,0.595,0.02,13.4,7.95,0.6,8.32,9.12,7.17,1.38,4.32,10.93,8.02,0.02,38.82,0.86,
20150920,20-Sep-2015,0.418,0.553,0.03,12.81,7.91,0.38,8.45,9.14,7.17,1.26,4.32,10.99,8.04,0.02,39.34,0.83,
20150921,21-Sep-2015,0.393,0.585,0.021,12.77,7.9,0.3,8.38,9.17,7.17,1.21,4.3,11.15,7.93,0.02,39,0.87,
20150922,22-Sep-2015,0.381,0.596,0.022,13.51,7.94,0.22,8.21,9.18,7.17,1.35,4.14,11.05,7.9,0.02,39.17,0.89,
20150923,23-Sep-2015,0.386,0.583,0.031,13.88,7.97,0.21,8.1,9.19,7.17,1.44,4.08,11.28,7.94,0.02,39.33,0.86,
20150924,24-Sep-2015,0.424,0.539,0.037,14.81,7.92,0.21,7.9,9.23,7.16,1.46,4.02,11.82,7.96,0.02,39.23,0.86,
20150925,25-Sep-2015,0.455,0.516,0.029,14.6,7.96,0.22,8.05,9.23,7.17,1.5,3.94,12.21,8.07,0.02,39.02,0.93,
20150926,26-Sep-2015,0.475,0.494,0.031,14.38,7.96,0.21,8.03,9.27,7.17,1.5,3.89,12.28,7.98,0.02,39.04,0.88,
20150927,27-Sep-2015,0.483,0.492,0.024,14.77,7.98,0.21,7.88,9.3,7.16,1.77,3.72,12.4,7.93,0.02,39.65,0.85,
20150928,28-Sep-2015,0.408,0.563,0.029,14.76,7.98,0.7,7.86,9.31,7.16,1.84,3.63,12.01,8.03,0.02,39.53,0.88,
20150929,29-Sep-2015,0.485,0.461,0.054,14.31,8.03,1.26,8.11,9.32,7.17,1.68,3.61,12.36,7.88,0.03,38.55,0.89,
20150930,30-Sep-2015,0.525,0.445,0.03,14.28,8.02,1.2,8.2,9.27,7.17,1.62,3.58,12.58,7.94,0.03,39.37,0.87,
20151001,01-Oct-2015,0.528,0.439,0.033,13.86,8.06,1.13,8.36,9.28,7.17,1.55,3.58,12.46,7.97,0.02,39.81,0.88,
20151002,02-Oct-2015,0.512,0.468,0.019,13.93,8.04,1.01,8.07,9.27,7.18,1.5,3.56,12.41,7.9,0.02,39.34,0.87,
20151003,03-Oct-2015,0.526,0.431,0.043,12.24,8.06,1.08,8.49,9.17,7.18,2.28,3.45,11.71,7.95,0.02,40.3,0.89,
20151004,04-Oct-2015,0.553,0.414,0.033,11.12,8.04,1.1,8.76,9.02,7.17,1.97,3.36,11.21,7.87,0.02,40.08,0.91,
20151005,05-Oct-2015,0.508,0.47,0.021,11.11,8.1,1.13,8.87,9.01,7.17,1.88,3.28,10.73,8,0.02,40.13,0.9,
20151006,06-Oct-2015,0.419,0.556,0.025,11.76,8.06,1.19,8.66,9.01,7.17,1.81,3.29,10.85,7.96,0.02,39.93,0.87,
20151007,07-Oct-2015,0.504,0.446,0.05,11.58,7.96,1.47,8.73,9,7.17,1.89,3.23,10.89,8.01,0.02,40.11,0.86,
20151008,08-Oct-2015,0.568,0.406,0.027,11.66,7.81,2.46,8.72,9.02,7.17,2.01,3.13,11.42,8.17,0.02,39.9,0.89,
20151009,09-Oct-2015,0.424,0.555,0.021,11.57,7.84,2.52,8.8,9.04,7.17,2.34,3.01,10.87,7.91,0.02,39.74,0.87,
20151010,10-Oct-2015,0.529,0.436,0.035,11.38,7.86,1.54,8.81,9.07,7.17,2.34,2.9,10.93,7.89,0.02,39.85,0.86,
20151011,11-Oct-2015,0.555,0.413,0.032,11.88,7.91,1.53,8.6,9.1,7.17,2.52,2.78,11.39,8.04,0.02,39.57,0.89,
20151012,12-Oct-2015,0.518,0.46,0.022,11.58,7.84,1.67,8.44,9.16,7.17,2.26,2.84,11.29,8.02,0.02,39.77,0.91,
20151013,13-Oct-2015,0.485,0.497,0.018,11.19,7.9,1.43,8.91,9.21,7.17,2.13,2.83,10.74,7.94,0.02,39.36,0.89,
20151014,14-Oct-2015,0.526,0.421,0.054,11.27,7.88,1.37,8.78,9.24,7.17,2,2.74,11.15,8,0.02,39.9,0.88,
20151015,15-Oct-2015,0.497,0.479,0.024,10.8,7.88,1.38,8.98,9.23,7.17,2.05,2.67,10.85,7.96,0.02,40.16,0.9,
20151016,16-Oct-2015,0.496,0.485,0.019,10.05,7.95,1.43,9.22,9.22,7.18,2.05,2.66,10.35,7.98,0.03,40.21,0.87,
20151017,17-Oct-2015,0.553,0.405,0.042,9.37,7.93,1.47,9.34,9.23,7.18,2.16,2.6,10.16,7.94,0.03,40.08,0.88,
20151018,18-Oct-2015,0.6,0.372,0.028,10.1,7.97,1.53,9.07,9.21,7.18,2.38,2.49,10.47,7.92,0.03,40.13,0.89,
20151019,19-Oct-2015,0.605,0.349,0.046,10.69,7.97,1.66,8.86,9.24,7.18,2.54,2.45,11.04,8.07,0.03,40.38,0.91,
20151020,20-Oct-2015,0.589,0.38,0.031,10.27,7.9,1.71,9,9.21,7.18,2.64,2.43,10.74,7.95,0.03,39.91,0.88,
20151021,21-Oct-2015,0.592,0.359,0.049,10.33,7.93,1.89,8.95,9.17,7.17,2.6,2.39,10.88,8,0.03,40.13,0.88,
20151022,22-Oct-2015,0.517,0.444,0.039,9.14,7.91,2.03,9.25,9.14,7.16,2.58,2.37,10.14,7.9,0.02,39.84,0.87,
20151023,23-Oct-2015,0.58,0.387,0.033,8.33,7.91,2.52,9.54,9.14,7.15,2.99,2.24,9.53,7.98,0.02,40.39,0.88,
20151024,24-Oct-2015,0.677,0.294,0.029,7.18,7.91,3.27,9.96,9.17,7.15,2.63,2.25,8.89,7.86,0.02,39.98,0.87,
20151025,25-Oct-2015,0.712,0.248,0.04,6.93,7.93,2.49,10.04,9.14,7.15,2.64,2.14,8.7,7.84,0.02,39.48,0.89,
20151026,26-Oct-2015,0.583,0.39,0.027,7.68,7.97,2.48,9.7,9.17,7.16,2.67,2.13,9.08,7.88,0.02,39.6,0.91,
20151027,27-Oct-2015,0.575,0.376,0.049,8,7.94,2.65,9.54,9.18,7.16,2.44,2.12,9.56,8.03,0.02,40.26,0.84,
20151028,28-Oct-2015,0.565,0.406,0.03,8.03,7.93,2.7,9.52,9.25,7.16,2.36,2.14,9.62,8.14,0.03,39.99,0.86,
20151029,29-Oct-2015,0.561,0.396,0.043,6.18,7.92,2.84,10.24,9.16,7.15,2.44,1.99,8.78,7.97,0.02,40.12,0.87,
20151030,30-Oct-2015,0.618,0.351,0.031,6.3,7.97,2.88,10.09,9.16,7.15,2.44,1.94,8.45,7.88,0.02,40.35,0.85,
20151031,31-Oct-2015,0.559,0.401,0.04,6.39,7.92,2.91,10.03,9.19,7.15,2.5,1.85,8.66,8.08,0.03,41.12,0.91,
20151101,01-Nov-2015,0.489,0.467,0.044,6.88,7.95,3.02,9.89,9.21,7.15,2.44,1.79,8.9,7.96,0.03,40.55,0.96,
20151102,02-Nov-2015,0.42,0.554,0.025,7.1,8.01,1.94,9.91,9.22,7.16,2.44,2.18,9.12,7.92,0.03,40.09,0.95,
20151103,03-Nov-2015,0.501,0.436,0.063,6.36,7.97,0.82,10,9.24,7.16,2.05,2.74,8.93,7.81,0.03,40.32,0.83,
20151104,04-Nov-2015,0.582,0.362,0.056,5.92,7.98,0.78,10.19,9.22,7.16,2.04,2.56,8.55,7.82,0.02,38.52,0.88,
20151105,05-Nov-2015,0.535,0.414,0.051,5.73,7.96,0.8,10.24,9.23,7.16,1.87,2.51,8.26,8.07,0.02,39.6,0.96,
20151106,06-Nov-2015,0.497,0.47,0.033,4.98,7.95,0.76,10.73,9.22,7.16,1.67,2.44,8.24,8.02,0.02,38.73,0.96,
20151107,07-Nov-2015,0.51,0.422,0.067,3.54,8.05,0.72,11.43,9.21,7.17,1.51,2.4,7.32,7.91,0.02,38.57,0.97,
20151108,08-Nov-2015,0.596,0.344,0.061,2.54,8.15,0.73,11.61,9.18,7.17,1.46,2.32,6.34,7.53,0.02,38.75,0.95,
20151109,09-Nov-2015,0.495,0.44,0.064,2.85,8.13,0.81,11.38,9.22,7.17,1.32,2.33,6.74,7.77,0.02,39.14,0.93,
20151110,10-Nov-2015,0.492,0.455,0.053,3.08,8.11,0.77,11.29,9.25,7.17,1.16,2.31,7.11,7.99,0.02,39.58,0.93,
20151111,11-Nov-2015,0.49,0.455,0.055,3.14,8.04,0.83,11.13,9.28,7.17,1.1,2.28,7.09,7.91,0.02,38.8,0.94,
20151112,12-Nov-2015,0.491,0.443,0.066,2.09,8.01,0.85,11.78,9.29,7.17,0.95,2.19,6.63,7.98,0.02,39.05,0.94,
20151113,13-Nov-2015,0.482,0.459,0.059,1.74,8.15,0.78,11.97,9.29,7.18,0.99,2.14,6.46,7.87,0.02,39.83,0.95,
20151114,14-Nov-2015,0.494,0.457,0.048,1.57,8.15,0.84,12,9.31,7.19,,2.12,6.37,7.9,0.02,40.23,0.97,
20151115,15-Nov-2015,0.477,0.465,0.057,1.74,8.16,0.78,11.83,9.3,7.19,,2.02,6.5,7.99,0.02,40.29,0.97,
20151116,16-Nov-2015,0.439,0.502,0.058,2.36,7.94,0.74,11.68,9.32,7.19,1.3,1.98,6.7,7.96,0.03,40.39,0.94,
20151117,17-Nov-2015,0.45,0.504,0.046,2.98,7.84,0.76,11.54,9.6,7.35,0.82,3.56,6.82,8.16,0.03,41.94,0.89,
20151118,18-Nov-2015,0.477,0.468,0.055,2.63,7.81,0.73,11.68,10.19,7.71,1.3,6.96,6.87,8.01,0.03,39.26,0.94,
20151119,19-Nov-2015,0.439,0.53,0.031,2.67,7.82,0.72,11.77,10.13,7.94,1.44,8.51,7.13,8.1,0.03,39.61,0.93,
20151120,20-Nov-2015,0.46,0.527,0.013,2.5,7.81,0.71,11.77,9.9,7.97,1.21,8.65,6.95,8.23,0.03,39.5,0.81,
20151121,21-Nov-2015,0.519,0.424,0.057,2.48,7.83,0.71,11.99,9.63,8,1.15,8.81,6.23,7.87,0.03,39.08,0.83,
20151122,22-Nov-2015,0.296,0.673,0.031,2.5,7.86,0.65,12.1,9.42,8.01,1.21,8.87,7.49,8.19,0.03,39.52,0.86,
20151123,23-Nov-2015,0.319,0.674,0.007,2.44,7.89,0.63,12.09,9.3,8.03,1.22,8.95,7.56,8.01,0.03,38.8,0.84,
20151124,24-Nov-2015,0.363,0.589,0.048,2.45,7.9,2.36,12.02,9.39,8.04,1.24,8.95,7.82,8.16,0.03,38.92,0.81,
20151125,25-Nov-2015,0.527,0.436,0.036,2.05,7.84,0.93,11.9,9.29,7.3,1.21,8.91,6.2,8.25,0.03,38.96,0.8,
20151126,26-Nov-2015,0.591,0.373,0.035,1.72,7.83,1.46,12.13,9.13,7.33,1.04,9.03,5.32,8.06,0.03,38.92,0.87,
20151127,27-Nov-2015,0.486,0.492,0.022,1.61,7.89,0.89,12.28,8.86,7.35,1.09,9.15,5.43,8.16,0.03,39.35,0.88,
20151128,28-Nov-2015,0.42,0.563,0.018,1.81,7.95,0.67,12.22,8.52,7.39,1.22,9.32,6.2,8.16,0.03,38.65,0.83,
20151129,29-Nov-2015,0.417,0.583,0,1.79,7.97,0.7,12.19,8.18,7.43,1.4,9.48,6.15,8.26,0.03,39.51,0.86,
20151130,30-Nov-2015,0.381,0.608,0.011,1.54,7.98,0.74,12.15,8.08,7.46,1.2,9.19,6.11,8.08,0.03,39.22,0.82,
20151201,01-Dec-2015,0.41,0.57,0.02,1.48,7.96,0.7,12.15,7.96,7.49,0.9,8.84,5.95,7.97,0.03,38.55,0.78,
20151202,02-Dec-2015,0.402,0.569,0.029,1.5,7.94,0.69,12.21,7.78,7.5,1.07,8.95,5.86,8.12,0.03,37.89,0.85,
20151203,03-Dec-2015,0.422,0.547,0.031,1.54,7.93,0.66,12.26,7.62,7.52,1.23,9.07,5.54,7.97,0.03,38.48,0.83,
20151204,04-Dec-2015,0.426,0.562,0.012,1.52,7.96,0.68,12.24,7.6,7.56,1.15,9.19,5.42,7.99,0.02,38.37,0.86,
20151205,05-Dec-2015,0.402,0.598,0,1.53,7.9,0.73,12.23,7.55,7.59,1.03,9.32,5.53,8,0.02,37.41,0.85,
20151206,06-Dec-2015,0.401,0.571,0.028,1.49,7.94,0.7,12.37,7.45,7.59,1.01,9.34,5.51,8,0.02,37.24,0.84,
20151207,07-Dec-2015,0.428,0.562,0.01,1.49,7.94,0.73,12.27,7.35,7.6,1.03,9.34,5.26,8.09,0.03,37.59,0.83,
20151208,08-Dec-2015,0.33,0.644,0.026,1.49,7.89,0.76,12.12,7.3,7.63,1.08,9.34,5.65,8.13,0.04,37.45,0.82,
20151209,09-Dec-2015,0.324,0.644,0.032,1.35,8.17,0.8,12.11,7.24,7.61,1.11,9.4,5.69,8.07,0.03,37.54,0.78,
20151210,10-Dec-2015,0.401,0.589,0.01,1.07,8.33,0.78,12,7.19,7.6,1.05,9.44,5.2,8.03,0.02,37.6,0.78,
20151211,11-Dec-2015,0.373,0.592,0.035,1.42,8.29,0.72,11.78,7.12,7.61,1.13,9.52,5.33,8.03,0.03,37.08,0.84,
20151212,12-Dec-2015,0.434,0.552,0.014,1.52,8.26,0.68,11.85,7.04,7.61,1.07,9.54,5.28,7.91,0.02,37.08,0.83,
20151213,13-Dec-2015,0.492,0.48,0.028,1.09,8.33,0.68,12.1,6.86,7.61,1.14,9.58,4.49,7.76,0.03,34.42,0.84,
20151214,14-Dec-2015,0.479,0.492,0.029,0.96,8.02,0.68,12.02,6.69,7.58,1.31,9.58,4.64,7.89,0.02,36.05,0.86,
20151215,15-Dec-2015,0.374,0.601,0.025,0.9,7.76,1.23,11.98,6.48,7.6,1.33,9.67,4.78,8.04,0.03,37.89,0.86,
20151216,16-Dec-2015,0.324,0.638,0.038,1.19,7.9,0.72,12.05,6.23,7.62,1.24,9.73,5.2,8.17,0.02,38.31,0.79,
20151217,17-Dec-2015,0.27,0.722,0.008,1.06,7.93,0.61,12.21,6.07,7.62,1.13,9.77,5.27,7.95,0.02,39.06,0.81,
20151218,18-Dec-2015,0.367,0.611,0.022,0.96,7.97,0.62,12.29,5.8,7.62,1.22,9.83,5.03,7.74,0.02,38.52,0.81,
20151219,19-Dec-2015,0.483,0.488,0.029,0.91,7.97,0.67,12.25,5.6,7.61,1.31,9.85,4.09,7.64,0.02,38.27,0.83,
20151220,20-Dec-2015,0.434,0.544,0.022,0.94,7.95,0.68,12.14,5.56,7.6,1.22,9.87,4.14,8.17,0.02,38.83,0.88,
20151221,21-Dec-2015,0.382,0.592,0.026,0.91,7.94,0.69,12.16,5.56,7.58,1.02,9.82,4.28,8.26,0.02,38.82,0.87,
20151222,22-Dec-2015,0.411,0.559,0.03,0.89,7.97,0.66,12.03,5.55,7.54,1.07,9.76,3.94,8.1,0.02,38.61,0.82,
20151223,23-Dec-2015,0.45,0.516,0.035,0.88,7.91,0.64,11.91,5.53,7.55,0.78,9.8,3.83,8.04,0.02,38.9,0.84,
20151224,24-Dec-2015,0.497,0.456,0.047,0.96,7.65,0.61,12.02,5.33,7.51,0.56,9.8,3.49,7.71,0.02,38.56,0.82,
20151225,25-Dec-2015,0.446,0.513,0.04,1.02,7.85,0.58,12.17,5.21,7.49,0.53,9.78,3.56,7.93,0.02,38.79,0.84,
20151226,26-Dec-2015,0.387,0.597,0.016,1.01,7.84,0.6,12.17,4.9,7.46,0.61,9.83,3.78,8.08,0.02,39.09,0.84,
20151227,27-Dec-2015,0.392,0.608,0,0.95,7.89,0.58,12.36,4.59,7.46,0.62,9.91,3.58,7.88,0.02,38.61,0.83,
20151228,28-Dec-2015,0.331,0.656,0.014,0.92,7.93,0.57,12.24,4.47,7.44,,9.9,3.52,8.02,0.02,38.64,0.83,
20151229,29-Dec-2015,0.276,0.706,0.018,0.95,7.9,0.58,12.12,4.45,7.42,,9.87,3.8,8.14,0.02,39.66,0.76,
20151230,30-Dec-2015,0.424,0.518,0.058,0.95,7.92,0.57,12.26,4.38,7.42,,9.86,3.38,7.74,0.02,39.22,0.78,
20151231,31-Dec-2015,0.4,0.559,0.041,0.94,7.89,0.58,12.33,4.3,7.41,,9.87,3.29,8.11,0.02,39.52,0.84,
20160101,01-Jan-2016,0.333,0.652,0.015,0.95,7.91,0.57,12.4,4.2,7.42,,9.88,3.47,8.03,0.02,38.21,0.81,
20160102,02-Jan-2016,0.326,0.674,0,0.97,7.91,0.58,12.35,4.26,7.41,,9.86,3.48,7.9,0.02,38.22,0.79,
20160103,03-Jan-2016,0.318,0.649,0.033,0.99,7.9,0.58,12.31,4.26,7.4,,9.83,3.52,7.87,0.02,38.21,0.78,
20160104,04-Jan-2016,0.104,0.879,0.017,1.05,7.97,0.62,12.33,4.26,7.39,,9.81,3.89,8.14,0.02,38.34,0.77,
20160105,05-Jan-2016,0.001,0.97,0.029,,,,,4.23,7.38,,9.8,4.46,8.01,0.02,38.59,0.77,
20160106,06-Jan-2016,0.001,0.981,0.018,,,,,4.19,7.38,,9.82,4.47,8.07,0.02,39.18,0.82,
20160107,07-Jan-2016,0.201,0.784,0.015,3.15,7.94,2.07,12.45,5.98,7.35,2.93,9.63,4.51,7.9,0.03,39.62,0.85,
20160108,08-Jan-2016,0.332,0.642,0.026,1.36,7.99,1.29,12.66,4.22,7.3,1,9.73,3.83,8.25,0.02,39.57,0.8,
20160109,09-Jan-2016,0.429,0.518,0.053,0.88,8.02,0.95,12.56,4.21,7.27,1.06,9.69,3.26,8.02,0.02,39.97,0.77,
20160110,10-Jan-2016,0.466,0.493,0.041,0.86,8.04,0.81,12.65,4.21,7.26,1.02,9.65,3.07,8.15,0.02,40,0.83,
20160111,11-Jan-2016,0.454,0.532,0.014,0.86,8.05,0.81,12.67,4.26,7.23,1.1,9.55,3.21,8.25,0.02,39.26,0.83,
20160112,12-Jan-2016,0.401,0.56,0.039,1,8.06,0.82,12.62,7.84,7.2,1.19,9.28,3.16,7.83,0.04,38.9,0.78,
20160113,13-Jan-2016,0.346,0.613,0.041,0.98,8.07,0.78,12.48,4.3,7.21,1.08,9.42,3.3,8.07,0.04,40.2,0.72,
20160114,14-Jan-2016,0.439,0.535,0.026,0.91,8.1,0.84,12.31,3.95,7.3,1.04,9.9,2.49,7.96,0.04,39.51,0.74,
20160115,15-Jan-2016,0.522,0.459,0.018,0.82,8.09,0.82,12.3,3.63,7.34,,10.19,1.91,8.03,0.04,38.6,0.88,
20160116,16-Jan-2016,0.53,0.436,0.034,0.79,8.09,0.79,12.38,3.73,7.29,1.01,10.02,1.91,7.85,0.04,38.52,0.91,
20160117,17-Jan-2016,0.596,0.393,0.011,0.75,8.09,0.79,12.41,3.78,7.27,1.02,9.93,1.81,7.76,0.03,38.75,0.87,
20160118,18-Jan-2016,0.482,0.488,0.03,0.73,8.13,0.79,12.45,3.77,7.27,1.03,9.94,1.76,7.86,0.04,39.24,0.86,
20160119,19-Jan-2016,0.335,0.616,0.048,1.05,8.14,0.77,12.38,5.05,7.25,1,9.94,2.51,8.11,0.04,37.6,0.79,
20160120,20-Jan-2016,0.357,0.607,0.036,1.05,7.77,0.74,12.34,3.72,7.3,1.29,10.03,2.49,7.91,0.03,37.61,0.84,
20160121,21-Jan-2016,0.339,0.629,0.032,0.98,7.63,0.75,12.46,3.39,,,10.43,2.27,8.09,0.03,37.96,0.78,
20160122,22-Jan-2016,0.375,0.602,0.023,0.84,7.69,0.81,12.6,3.46,,1,10.3,2.19,7.95,0.03,37.99,0.77,
20160123,23-Jan-2016,0.432,0.545,0.023,0.71,7.72,0.86,12.53,3.49,,1.01,10.29,1.99,8.11,0.03,38.98,0.82,
20160124,24-Jan-2016,0.498,0.469,0.033,0.72,7.73,0.86,12.4,3.5,,,10.33,1.84,8,0.03,39.14,0.85,
20160125,25-Jan-2016,0.502,0.485,0.013,0.72,7.66,0.83,12.41,3.46,,,10.44,1.79,8.07,0.03,38.99,0.82,
20160126,26-Jan-2016,0.486,0.469,0.045,0.71,7.68,0.8,12.57,3.37,,,10.13,2.1,8.03,0.03,38.78,0.77,
20160127,27-Jan-2016,0.49,0.476,0.035,0.73,7.72,0.83,12.61,3.42,,1.02,9.86,2.25,7.86,0.03,38.87,0.76,
20160128,28-Jan-2016,0.46,0.516,0.024,0.7,7.75,0.9,12.61,3.44,,1.01,9.79,2.3,8.04,0.03,39.64,0.83,
20160129,29-Jan-2016,0.459,0.519,0.021,0.66,7.76,0.89,12.46,3.37,,1.03,10.02,2.27,8.04,0.03,38.62,0.82,
20160130,30-Jan-2016,0.461,0.508,0.03,0.7,7.77,0.86,12.35,3.43,,,10.05,2.27,8.02,0.03,38.2,0.84,
20160131,31-Jan-2016,0.479,0.503,0.018,0.68,7.71,0.98,12.35,3.36,,1,10.08,2.21,8.1,0.03,38.04,0.83,
20160201,01-Feb-2016,0.596,0.361,0.043,0.7,7.76,0.88,12.36,3.35,,1.01,10.06,2.04,7.94,0.03,37.99,0.85,
20160202,02-Feb-2016,0.526,0.438,0.036,0.65,7.64,0.87,12.25,3.27,,1.24,10.07,2.01,8.02,0.03,38.03,0.83,
20160203,03-Feb-2016,0.437,0.533,0.031,0.65,7.63,0.79,12.38,3.18,,1.02,10.07,2.19,8.21,0.03,38.94,0.81,
20160204,04-Feb-2016,0.439,0.54,0.022,0.64,7.67,0.76,12.45,3.24,,1.02,9.99,2.27,7.89,0.03,38.85,0.9,
20160205,05-Feb-2016,0.431,0.569,0,0.66,7.67,0.84,12.48,3.19,,1.01,10.05,2.3,8.06,0.03,38.72,0.9,
20160206,06-Feb-2016,0.445,0.518,0.037,0.67,7.72,0.85,12.52,3.19,,1.01,10.08,2.24,7.93,0.03,38.85,0.83,
20160207,07-Feb-2016,0.426,0.546,0.028,0.7,7.7,0.97,12.48,2.97,,1.39,10.28,2.17,8.08,0.03,39.09,0.79,
20160208,08-Feb-2016,0.433,0.532,0.035,0.69,7.72,0.93,12.6,2.99,,1,10.31,2.14,8.06,0.03,39.25,0.79,
20160209,09-Feb-2016,0.459,0.466,0.075,0.7,7.74,0.93,12.59,3.04,,1.2,10.32,2.04,7.84,0.03,39.01,0.8,
20160210,10-Feb-2016,0.466,0.488,0.047,0.71,7.76,0.99,12.55,3.06,,1.01,10.4,2.03,8.06,0.03,37.65,0.81,
20160211,11-Feb-2016,0.491,0.479,0.03,0.72,7.75,1.63,12.51,3.13,,1,10.41,2.11,7.97,0.03,38.3,0.79,
20160212,12-Feb-2016,0.432,0.544,0.024,0.73,7.74,2.51,12.55,3.21,,1,10.44,2.23,8,0.03,36.96,0.85,
20160213,13-Feb-2016,0.412,0.588,0,0.74,7.78,1.57,12.54,3.27,,1,10.48,2.32,7.91,0.03,37.81,0.83,
20160214,14-Feb-2016,0.419,0.556,0.024,0.75,7.78,1.37,12.42,3.3,,1.04,10.52,2.32,8.01,0.03,38.41,0.83,
20160215,15-Feb-2016,0.403,0.571,0.027,0.8,7.79,1.19,12.32,4.73,7.3,1.14,10.19,2.36,7.89,0.03,37.96,0.82,
20160216,16-Feb-2016,0.357,0.611,0.032,1.16,7.75,1.22,12.18,4.33,7.39,1.11,10.41,2.58,8.19,0.03,38.07,0.84,
20160217,17-Feb-2016,0.277,0.723,0,1.48,7.76,1.09,12.14,3.49,,1.29,10.58,2.92,8.06,0.03,36.94,0.84,
20160218,18-Feb-2016,0.32,0.68,0,2.01,7.74,1,11.74,3.51,,1.22,10.62,3.05,7.9,0.03,38.18,0.77,
20160219,19-Feb-2016,0.403,0.597,0,2.72,7.65,1.21,11.46,3.55,,1.25,10.66,3.32,7.97,0.03,38.35,0.78,
20160220,20-Feb-2016,0.426,0.574,0,2.85,7.65,1.15,11.55,3.62,,1.27,10.67,3.34,7.88,0.03,38.4,0.84,
20160221,21-Feb-2016,0.406,0.594,0,3.04,7.65,1.16,11.59,3.67,,1.26,10.7,3.51,8.05,0.03,39.32,0.86,
20160222,22-Feb-2016,0.34,0.66,0,2.65,7.71,1.05,11.84,3.72,,1.4,10.73,3.43,7.86,0.03,38.57,0.79,
20160223,23-Feb-2016,0.352,0.648,0,2.48,7.71,1,11.87,3.9,7.65,1.29,10.7,3.29,7.96,0.03,38.53,0.82,
20160224,24-Feb-2016,0.416,0.584,0,2.19,7.92,0.92,12.16,3.68,7.59,1.32,10.74,3.39,7.75,0.03,38.17,0.93,
20160225,25-Feb-2016,0.32,0.68,0,1.95,8.15,0.99,12.19,3.66,7.53,1.31,10.74,3.17,7.83,0.03,39.4,0.85,
20160226,26-Feb-2016,0.402,0.598,0,1.9,8.18,1.04,12.23,3.71,7.53,1.3,10.77,3.11,7.83,0.03,39.27,0.82,
20160227,27-Feb-2016,0.419,0.581,0,2.57,8.16,1.04,11.82,3.77,7.54,1.29,10.8,3.33,7.98,0.03,39.6,0.87,
20160228,28-Feb-2016,0.426,0.574,0,2.87,8.13,0.95,11.58,3.78,7.55,1.25,10.81,3.43,7.87,0.02,39.3,0.87,
20160229,29-Feb-2016,0.404,0.596,0,3.72,8.03,0.94,11.21,3.77,7.56,1.23,10.82,3.88,7.86,0.02,38.41,0.85,
20160301,01-Mar-2016,0.475,0.525,0,3.52,8.03,1.6,11.54,3.64,7.55,1.23,10.83,3.89,7.91,0.02,38.85,0.81,
20160302,02-Mar-2016,0.306,0.694,0,3.54,8.02,1.59,11.22,3.71,7.57,1.23,10.83,3.84,8.24,0.02,38.88,0.82,
20160303,03-Mar-2016,0.469,0.531,0,3.89,7.97,1.17,11.23,3.76,7.57,1.25,10.82,4.08,8,0.02,38.17,0.8,
20160304,04-Mar-2016,0.561,0.439,0,3.87,8,1.01,11.32,3.81,7.57,1.26,10.82,4.18,7.77,0.02,38.18,0.8,
20160305,05-Mar-2016,0.624,0.376,0,3.79,8.04,0.97,11.37,3.85,7.57,1.23,10.82,4.1,7.85,0.02,38.42,0.8,
20160306,06-Mar-2016,0.52,0.48,0,4.31,8.07,1.02,11.09,3.92,7.58,1.18,10.84,4.31,8.05,0.02,39.12,0.82,
20160307,07-Mar-2016,0.487,0.513,0,5.33,7.97,1.14,10.52,4.01,7.59,1.13,10.86,4.92,8.1,0.02,39.13,0.81,
20160308,08-Mar-2016,0.56,0.44,0,4.1,7.98,1.21,10.96,4.03,7.59,1.14,10.68,4.41,7.72,0.02,38.18,0.78,
20160309,09-Mar-2016,0.508,0.492,0,3.74,7.98,0.91,10.87,4.1,7.62,1.12,10.65,4.33,7.93,0.03,38.67,0.74,
20160310,10-Mar-2016,0.559,0.441,0,3.38,8.01,0.88,11.1,4.1,7.62,1.06,10.71,4.01,7.82,0.02,39.15,0.77,
20160311,11-Mar-2016,0.541,0.459,0,5.15,8.02,1.04,10.61,4.17,7.6,1.08,10.7,4.67,7.99,0.03,39.38,0.82,
20160312,12-Mar-2016,0.505,0.495,0,6.53,7.98,1.11,10.19,4.22,7.6,1.06,10.74,5.66,7.94,0.02,38.78,0.83,
20160313,13-Mar-2016,0.399,0.601,0,6.74,7.92,1.03,9.99,4.35,7.63,1.08,10.79,5.63,7.95,0.03,38.13,0.79,
20160314,14-Mar-2016,0.491,0.509,0,6.46,7.95,1.02,10.15,4.53,7.64,1.09,10.84,5.72,7.84,0.02,38.04,0.76,
20160315,15-Mar-2016,0.494,0.506,0,5.77,7.89,1.06,10.46,4.53,7.63,1.12,10.84,5.75,7.95,0.02,37.75,0.78,
20160316,16-Mar-2016,0.478,0.522,0,3.71,7.93,0.99,11.27,4.48,7.64,1.19,10.85,4.66,7.86,0.02,36.08,0.82,
20160317,17-Mar-2016,0.485,0.515,0,2.89,8.03,0.97,11.53,4.41,7.63,1.05,10.87,4.08,7.93,0.02,37.76,0.85,
20160318,18-Mar-2016,0.514,0.486,0,1.65,8,1.19,11.97,4.3,7.62,1.04,10.87,3.49,8.02,0.02,38.79,0.85,
20160319,19-Mar-2016,0.53,0.47,0,1.6,8.06,1.06,12.03,4.3,7.63,1.07,10.91,3.27,7.96,0.02,38.88,0.83,
20160320,20-Mar-2016,0.503,0.497,0,2.34,8.06,1.11,11.75,4.28,7.64,1.05,10.93,3.61,8.03,0.02,38.83,0.82,
20160321,21-Mar-2016,0.845,0.155,0,3.72,8.1,2.68,11.35,7.95,7.56,1.04,10.31,3.77,8.04,0.02,39.64,0.8,
20160322,22-Mar-2016,0.999,0.001,0,5.48,8.03,1.94,10.67,,,,,5.33,8,0.02,40.23,0.82,
20160323,23-Mar-2016,1,0,0,3.69,7.78,3.03,11.09,,,,,5.59,7.99,0.02,39.16,0.78,
20160324,24-Mar-2016,1,0,0,2.73,8,1.81,11.64,,,,,2.55,8.02,0.03,36.2,0.8,
20160325,25-Mar-2016,1,0,0,3.75,8.01,2.47,11.26,,,,,4.2,7.88,0.02,40.94,0.82,
20160326,26-Mar-2016,1,0,0,3.72,7.97,2.22,11.4,,,,,3.8,7.89,0.02,41.25,0.82,
20160327,27-Mar-2016,1,0,0,3.89,7.99,2.38,11.42,,,,,4.18,7.74,0.02,42.7,0.82,
20160328,28-Mar-2016,1,0,0,5.05,8.01,3.09,10.96,,,,,5.28,7.88,0.03,43.27,0.8,
20160329,29-Mar-2016,1,0,0,5.65,7.97,4.16,10.67,,,,,5.87,8.1,0.03,43.93,0.77,
20160330,30-Mar-2016,1,0,0,4.94,7.75,6.84,10.9,,,,,5.69,8.08,0.03,43.56,0.73,
20160331,31-Mar-2016,0.74,0.26,0,3.31,7.73,4.35,11.5,4.96,7.75,0.94,10.73,4.08,8.2,0.03,42.79,0.73,
20160401,01-Apr-2016,0.523,0.477,0,4.83,7.95,3.52,11.17,4.94,7.75,0.94,10.74,4.92,7.94,0.03,39.08,0.77,
20160402,02-Apr-2016,0.582,0.418,0,5.67,7.96,3.75,10.97,4.93,7.76,0.95,10.76,5.3,7.91,0.03,39.14,0.82,
20160403,03-Apr-2016,0.597,0.403,0,7.01,7.89,6.28,10.46,4.91,7.69,1.02,10.7,6.33,7.86,0.03,39.7,0.81,
20160404,04-Apr-2016,0.45,0.55,0,8.3,7.86,9.22,9.96,5.01,7.71,1,10.75,6.73,8.08,0.04,40.01,0.81,
20160405,05-Apr-2016,0.462,0.538,0,8.39,7.8,10.87,9.95,5.16,7.73,1.17,10.8,6.89,7.92,0.03,39.49,0.82,
20160406,06-Apr-2016,0.489,0.511,0,7.03,7.8,10.4,10.49,5.36,7.77,1.14,10.88,6.73,7.95,0.03,39.16,0.76,
20160407,07-Apr-2016,0.511,0.489,0,7.82,7.81,10.14,10.17,5.34,7.73,1.23,10.83,6.8,7.96,0.03,38.73,0.79,
20160408,08-Apr-2016,0.491,0.509,0,8.73,7.8,11.28,9.95,5.42,7.73,1.16,10.85,7.29,8.01,0.03,38.02,0.83,
20160409,09-Apr-2016,0.465,0.535,0,8.88,7.79,13.02,9.9,5.47,7.72,1.17,10.84,7.31,7.93,0.03,38.49,0.83,
20160410,10-Apr-2016,0.47,0.53,0,9.1,7.7,15.66,9.75,5.56,7.7,1.19,10.82,7.56,7.94,0.03,38.69,0.8,
20160411,11-Apr-2016,0.359,0.641,0,8.25,7.64,17.23,10,5.55,7.69,1.21,10.81,7.01,8.07,0.03,38.45,0.8,
20160412,12-Apr-2016,0.366,0.634,0,7.5,7.66,15.57,10.27,5.51,7.67,1.19,10.78,6.66,7.9,0.03,37.92,0.82,
20160413,13-Apr-2016,0.317,0.683,0,7.77,7.78,14.53,10.18,6.73,7.57,1.15,10.75,6.51,8.01,0.02,38.9,0.81,
20160414,14-Apr-2016,0.299,0.701,0,8.57,7.8,14.71,9.57,5.56,7.49,1.2,10.7,6.66,8.01,0.03,38.83,0.85,
20160415,15-Apr-2016,0.359,0.641,0,9.07,7.73,15.37,9.2,5.61,7.47,1.19,10.68,7.03,7.91,0.03,37.63,0.82,
20160416,16-Apr-2016,0.396,0.604,0,6.82,7.62,15.92,10.31,5.69,7.47,1.23,10.69,6.61,7.99,0.03,38.01,0.79,
20160417,17-Apr-2016,0.385,0.615,0,4.3,7.68,12.42,11.78,5.57,7.45,1.19,10.66,5.67,8.02,0.03,38.9,0.84,
20160418,18-Apr-2016,0.366,0.634,0,4.21,7.82,11.9,11.61,5.58,7.46,1.1,10.66,5.33,7.99,0.03,38.34,0.82,
20160419,19-Apr-2016,0.345,0.655,0,5.75,7.86,12.51,10.91,5.63,7.46,1.12,10.63,5.89,7.99,0.03,38.34,0.78,
20160420,20-Apr-2016,0.357,0.643,0,6.35,7.86,13.93,10.71,5.69,7.47,1.14,10.64,6.2,7.95,0.03,39.18,0.78,
20160421,21-Apr-2016,0.341,0.659,0,6.83,7.84,15.8,10.64,5.71,7.54,1.22,10.45,6.33,8.22,0.03,39.34,0.76,
20160422,22-Apr-2016,0.344,0.656,0,8.83,7.8,27.96,9.89,5.76,7.63,1.12,10.38,7,8.05,0.03,38.57,0.73,
20160423,23-Apr-2016,0.242,0.758,0,8.59,7.75,21.76,9.52,5.81,7.63,1.07,10.37,6.62,8,0.02,38.97,0.74,
20160424,24-Apr-2016,0.244,0.756,0,8.52,7.7,22.43,9.62,5.83,7.62,1.12,10.32,6.72,7.99,0.03,39.11,0.81,
20160425,25-Apr-2016,0.264,0.736,0,8.07,7.71,26.93,10.01,5.86,7.6,1.25,10.27,6.71,8.03,0.03,38.96,0.83,
20160426,26-Apr-2016,0.253,0.747,0,8.25,7.69,23.65,9.9,5.86,7.59,1.24,10.26,6.71,8.03,0.03,39.22,0.79,
20160427,27-Apr-2016,0.287,0.713,0,7.11,7.68,26.36,10.52,5.92,7.61,1.14,10.33,6.59,8.18,0.03,39.59,0.79,
20160428,28-Apr-2016,0.3,0.7,0,6.65,7.71,18.87,10.72,6.01,7.6,1.25,10.27,6.46,7.97,0.03,39.59,0.8,
20160429,29-Apr-2016,0.311,0.689,0,5.61,7.77,18.35,11.26,5.92,7.6,1.17,10.25,6.23,7.9,0.03,39.02,0.83,
20160430,30-Apr-2016,0.341,0.659,0,4.38,7.84,18.03,11.56,5.85,7.62,1.11,10.22,5.82,8.17,0.03,39.2,0.85,
20160501,01-May-2016,0.329,0.671,0,3.96,7.85,15.44,11.77,5.9,7.62,1.16,10.19,5.74,7.95,0.03,39.27,0.8,
20160502,02-May-2016,0.336,0.664,0,4.13,7.93,14.53,11.72,5.94,7.61,1.14,10.17,5.9,8.05,0.03,38.47,0.84,
20160503,03-May-2016,0.317,0.683,0,6.28,7.88,19.6,10.76,5.99,7.57,1.21,10.07,6.42,8.08,0.03,38.02,0.84,
20160504,04-May-2016,0.277,0.723,0,7.84,7.82,27.76,10.15,6.63,7.57,1.04,10.09,7.02,7.97,0.03,38.18,0.76,
20160505,05-May-2016,0.293,0.707,0,9.86,7.78,26.16,9.87,6.22,7.57,1.2,10.04,7.63,7.99,0.02,38.57,0.82,
20160506,06-May-2016,0.36,0.64,0,10.15,7.75,18.97,9.64,6.23,7.55,1.19,9.97,8.03,8.08,0.03,38.34,0.76,
20160507,07-May-2016,0.234,0.766,0,9.57,7.7,19.28,9.56,6.25,7.56,1.18,9.95,7.82,7.9,0.03,38.73,0.76,
20160508,08-May-2016,0.178,0.822,0,8.57,7.63,28.86,9.87,6.28,7.57,1.18,9.94,7.02,7.95,0.02,38.19,0.78,
20160509,09-May-2016,0.274,0.726,0,7.45,7.64,33.37,10.55,6.33,7.56,1.22,9.91,7.42,7.94,0.03,38.31,0.76,
20160510,10-May-2016,0.226,0.774,0,8.17,7.65,26.26,10.12,7.38,7.51,1,9.85,7.48,7.91,0.03,37.96,0.82,
20160511,11-May-2016,0.303,0.697,0,8.23,7.62,24.58,10.29,6.79,7.52,1.13,9.82,7.91,7.87,0.04,37.96,0.81,
20160512,12-May-2016,0.288,0.712,0,7.76,7.65,19.09,10.72,6.47,7.55,1.13,9.81,7.7,7.93,0.03,38.63,0.88,
20160513,13-May-2016,0.285,0.715,0,8.72,7.67,13.9,10.26,6.55,7.54,1.16,9.77,7.86,8,0.03,38.36,0.85,
20160514,14-May-2016,0.284,0.716,0,9.21,7.67,14.9,10.13,6.52,7.54,1.28,9.69,8.09,7.9,0.03,39.02,0.83,
20160515,15-May-2016,0.332,0.668,0,7.53,7.68,15.6,10.78,6.47,7.53,1.29,9.66,7.81,7.99,0.03,39.11,0.8,
20160516,16-May-2016,0.326,0.674,0,7.16,7.61,22.08,10.75,6.44,7.52,1.31,9.63,7.62,8.06,0.03,37.02,0.8,
20160517,17-May-2016,0.321,0.679,0,6.28,7.54,19.79,11.02,6.38,7.51,1.47,9.54,7.45,8,0.03,37.75,0.82,
20160518,18-May-2016,0.327,0.673,0,6.03,7.67,14.4,10.9,6.49,7.51,1.42,9.5,7.2,7.88,0.03,37.61,0.83,
20160519,19-May-2016,0.282,0.718,0,7.9,7.67,17.03,10.13,6.5,7.48,1.8,9.4,7.63,8.13,0.03,37.68,0.81,
20160520,20-May-2016,0.341,0.659,0,8.85,7.63,14.13,9.81,6.53,7.48,1.66,9.41,8.05,8,0.03,36.75,0.8,
20160521,21-May-2016,0.337,0.663,0,9.51,7.56,16.91,9.65,6.58,7.48,1.62,9.42,8.35,8.06,0.04,37.35,0.81,
20160522,22-May-2016,0.322,0.678,0,9.6,7.47,20.96,9.76,6.62,7.48,1.58,9.4,8.44,7.95,0.04,37.65,0.83,
20160523,23-May-2016,0.274,0.726,0,8.68,7.39,11.99,9.76,6.72,7.49,1.51,9.42,8.05,7.91,0.03,37.57,0.82,
20160524,24-May-2016,0.353,0.647,0,7.94,7.41,8.69,8.45,6.81,7.5,1.29,9.43,7.94,8.2,0.04,38.17,0.8,
20160525,25-May-2016,0.303,0.697,0,8.33,7.41,8.25,8.22,6.86,7.5,1.26,9.42,8.07,7.9,0.03,38.27,0.75,
20160526,26-May-2016,0.292,0.708,0,8.15,7.43,8.12,9.74,6.9,7.43,1.25,9.41,8.07,7.96,0.03,38.45,0.8,
20160527,27-May-2016,0.284,0.716,0,7.22,7.46,9.14,10.61,6.89,7.4,1.2,9.37,7.87,7.95,0.03,38.11,0.83,
20160528,28-May-2016,0.287,0.713,0,7.53,7.5,7.97,10.42,6.88,7.39,1.2,9.33,7.87,7.91,0.03,38.22,0.85,
20160529,29-May-2016,0.288,0.712,0,8.72,7.5,7.17,10.01,6.88,7.38,1.26,9.27,8.12,8.05,0.03,38.38,0.85,
20160530,30-May-2016,0.3,0.7,0,8.98,7.49,8.27,10.01,6.94,7.38,1.23,9.26,8.35,8.03,0.03,38,0.84,
20160531,31-May-2016,0.292,0.708,0,8.67,7.46,6.98,10.12,6.92,7.38,1.33,9.19,8.12,8,0.03,37.93,0.85,
20160601,01-Jun-2016,0.312,0.688,0,9.12,7.4,24,10.09,6.95,7.37,1.49,9.14,8.18,7.96,0.03,38.3,0.84,
20160602,02-Jun-2016,0.285,0.715,0,9.98,7.11,6.54,9.96,7.01,7.36,1.55,9.12,8.36,7.95,0.03,37.8,0.82,
20160603,03-Jun-2016,0.301,0.699,0,10.05,7.23,8,9.82,7.14,7.36,1.35,9.07,8.55,7.96,0.03,36.89,0.85,
20160604,04-Jun-2016,0.284,0.716,0,9.61,7.27,17.17,10.06,7.21,7.35,1.47,9.01,8.39,8.01,0.03,37.09,0.8,
20160605,05-Jun-2016,0.286,0.714,0,10.11,7.22,16.47,9.91,7.26,7.35,1.51,8.99,8.46,8,0.03,37.07,0.8,
20160606,06-Jun-2016,0.277,0.723,0,9.52,7.2,13,10.1,7.31,7.35,1.51,8.95,8.34,7.96,0.03,37.85,0.84,
20160607,07-Jun-2016,0.294,0.706,0,9.77,7.21,11.77,9.98,7.29,7.34,1.52,8.9,8.38,8.05,0.03,38,0.77,
20160608,08-Jun-2016,0.275,0.725,0,9.5,7.18,16.72,10.01,7.32,7.34,1.57,8.87,8.48,8.01,0.03,37.54,0.82,
20160609,09-Jun-2016,0.244,0.756,0,9.52,7.19,40.19,10.01,7.36,7.34,1.54,8.84,8.14,8.09,0.03,40.23,0.84,
20160610,10-Jun-2016,0.31,0.69,0,10.44,7.17,30.3,9.82,7.42,7.33,1.54,8.79,8.6,8.02,0.03,39.7,0.86,
20160611,11-Jun-2016,0.311,0.689,0,10.71,7,27.1,9.92,7.47,7.33,1.45,8.78,8.76,8.03,0.03,39.47,0.83,
20160612,12-Jun-2016,0.319,0.681,0,10.56,7.06,26.04,9.9,7.48,7.33,1.62,8.68,8.84,8.03,0.03,38.47,0.83,
20160613,13-Jun-2016,0.323,0.677,0,10.18,7.1,23.59,10.03,7.51,7.34,1.5,8.66,8.8,7.98,0.02,37.84,0.84,
20160614,14-Jun-2016,0.328,0.672,0,9.88,7.13,17.74,10.04,7.51,7.33,1.42,8.65,8.79,8,0.02,37.92,0.81,
20160615,15-Jun-2016,0.248,0.752,0,10.58,7.13,13.63,9.64,7.57,7.34,1.25,8.68,8.5,7.98,0.02,39.67,0.83,
20160616,16-Jun-2016,0.312,0.688,0,11.11,7.11,18.38,9.65,7.62,7.33,1.16,8.64,8.96,7.98,0.02,38.45,0.82,
20160617,17-Jun-2016,0.307,0.693,0,11.72,7.12,12.65,9.57,7.69,7.33,1.11,8.59,9.24,7.98,0.02,38.26,0.77,
20160618,18-Jun-2016,0.318,0.682,0,11.67,7.16,16.26,9.66,7.67,7.32,1.12,8.51,9.38,7.96,0.02,37.7,0.78,
20160619,19-Jun-2016,0.313,0.687,0,12.73,7.14,7.99,9.29,8.78,7.29,1.07,8.45,9.65,7.98,0.02,39.11,0.8,
20160620,20-Jun-2016,0.305,0.695,0,12.23,7.14,7.71,9.49,7.7,7.3,1.07,8.38,9.63,7.99,0.02,39.25,0.82,
20160621,21-Jun-2016,0.31,0.69,0,13.13,7.19,8.94,9.26,7.6,7.29,1.11,8.32,9.61,8.02,0.02,39.71,0.81,
20160622,22-Jun-2016,0.302,0.698,0,13.44,7.26,8.54,9.14,7.45,7.29,1.12,8.31,9.54,7.97,0.02,40.08,0.82,
20160623,23-Jun-2016,0.312,0.688,0,12.79,7.34,7.2,9.36,8.05,7.2,1.06,8.33,9.47,7.99,0.02,39.39,0.82,
20160624,24-Jun-2016,0.297,0.703,0,12.75,7.34,6.62,9.22,7.48,7.15,1.01,8.3,9.39,7.93,0.02,39.17,0.86,
20160625,25-Jun-2016,0.298,0.702,0,12.78,7.31,6.65,9.17,7.47,7.15,0.9,8.34,9.42,7.96,0.02,39.42,0.83,
20160626,26-Jun-2016,0.318,0.682,0,13.6,7.32,5.99,8.77,7.46,7.14,0.88,8.24,9.75,8.07,0.02,39.53,0.84,
20160627,27-Jun-2016,0.273,0.727,0,13.65,7.33,6.29,9.05,7.51,7.12,0.93,8.11,9.59,7.95,0.02,37.93,0.82,
20160628,28-Jun-2016,0.289,0.711,0,13.99,7.38,6.81,9.06,7.59,7.12,0.88,8.08,9.72,8.14,0.02,38.72,0.8,
20160629,29-Jun-2016,0.299,0.701,0,13.77,7.39,6.65,9.07,7.62,7.13,0.85,8.07,9.91,7.93,0.02,39.01,0.82,
20160630,30-Jun-2016,0.314,0.686,0,13.43,7.45,4.93,9.27,7.64,7.14,0.79,8.11,9.81,7.82,0.02,39.21,0.82,
20160701,01-Jul-2016,0.336,0.664,0,13.29,7.45,3.71,9.2,7.65,7.15,0.75,8.11,9.78,7.94,0.02,39.27,0.85,
20160702,02-Jul-2016,0.386,0.614,0,13.43,7.44,3.42,9.13,7.61,7.14,0.75,8.07,10.23,7.98,0.02,38.78,0.8,
20160703,03-Jul-2016,0.414,0.586,0,13.52,7.47,5.57,8.95,7.6,7.12,0.79,7.94,10.32,7.89,0.02,38.55,0.8,
20160704,04-Jul-2016,0.425,0.575,0,14.52,7.47,3.6,9.08,7.63,7.11,0.84,7.89,10.79,7.89,0.02,38.24,0.81,
20160705,05-Jul-2016,0.426,0.574,0,15.22,7.48,3.4,8.85,7.67,7.12,0.81,7.87,11.17,7.92,0.02,37.98,0.78,
20160706,06-Jul-2016,0.45,0.55,0,14.42,7.47,3.19,9.15,7.68,7.13,0.74,7.9,11.1,7.88,0.02,38.21,0.81,
20160707,07-Jul-2016,0.472,0.528,0,14.58,7.44,1.6,9.1,7.65,7.11,0.75,7.78,11.19,7.89,0.02,39.29,0.86,
20160708,08-Jul-2016,0.437,0.563,0,14.77,7.31,2.76,9.07,7.7,7.12,0.77,7.77,11.12,7.82,0.02,38.79,0.83,
20160709,09-Jul-2016,0.434,0.566,0,15.03,7.45,2.85,9,7.71,7.11,0.79,7.71,11.11,7.74,0.02,38.15,0.8,
20160710,10-Jul-2016,0.436,0.564,0,15.66,7.39,2.34,8.79,7.75,7.11,0.79,7.67,11.4,7.79,0.02,38.37,0.79,
20160711,11-Jul-2016,0.384,0.616,0,15.21,7.37,2.76,8.75,7.83,7.12,0.74,7.71,11.15,7.86,0.02,38.88,0.81,
20160712,12-Jul-2016,0.416,0.584,0,14.24,7.48,3.06,8.98,7.85,7.12,0.75,7.66,11.08,7.86,0.02,38.15,0.83,
20160713,13-Jul-2016,0.421,0.579,0,14.54,7.52,3.03,8.94,7.87,7.12,0.71,7.67,11.05,7.89,0.02,38.25,0.81,
20160714,14-Jul-2016,0.448,0.552,0,14.98,7.43,2.91,8.87,8.1,7.04,0.68,7.66,11.5,7.98,0.02,39.1,0.83,
20160715,15-Jul-2016,0.394,0.606,0,15.23,7.32,2.46,8.81,7.96,6.98,0.69,7.58,11.28,7.92,0.02,39.11,0.81,
20160716,16-Jul-2016,0.453,0.547,0,14.89,7.34,2.83,8.87,7.97,7.01,0.71,7.55,11.58,7.94,0.02,39.1,0.81,
20160717,17-Jul-2016,0.42,0.58,0,15.34,7.3,2.68,8.76,7.97,7,0.74,7.47,11.52,7.88,0.02,39.13,0.84,
20160718,18-Jul-2016,0.425,0.575,0,14.83,7.28,3.28,8.95,8,7.01,0.83,7.48,11.3,7.93,0.02,38.73,0.83,
20160719,19-Jul-2016,0.488,0.512,0,14.99,7.4,3.26,8.82,8.18,7.11,0.72,7.41,12.07,7.97,0.02,38.12,0.8,
20160720,20-Jul-2016,0.337,0.663,0,14.42,7.48,7.79,8.22,8.43,7.21,0.66,7.33,10.97,7.94,0.02,38.74,0.8,
20160721,21-Jul-2016,0.465,0.535,0,15.92,7.57,4.96,8.72,8.47,7.21,0.64,7.29,12.15,7.96,0.02,39.19,0.81,
20160722,22-Jul-2016,0.406,0.594,0,16.07,7.56,4,8.69,8.49,7.21,0.72,7.23,11.79,7.81,0.02,38.99,0.82,
20160723,23-Jul-2016,0.45,0.55,0,16.31,7.55,3.89,8.54,8.54,7.21,0.79,7.18,12.22,7.92,0.02,39.1,0.81,
20160724,24-Jul-2016,0.455,0.545,0,16.76,7.58,3.38,8.49,8.57,7.21,0.84,7.16,12.46,7.84,0.02,38.82,0.83,
20160725,25-Jul-2016,0.42,0.58,0,16.76,7.59,2.83,8.52,8.54,7.27,0.81,7.07,12.15,7.91,0.02,39.07,0.81,
20160726,26-Jul-2016,0.472,0.528,0,16.13,7.57,2.54,8.66,8.54,7.31,0.92,7.02,12.56,7.91,0.02,39.07,0.84,
20160727,27-Jul-2016,0.462,0.538,0,15.48,7.59,2.47,8.83,8.54,7.3,0.96,6.94,11.93,7.85,0.02,39.61,0.86,
20160728,28-Jul-2016,0.444,0.556,0,16.42,7.59,2.5,8.56,8.6,7.31,0.88,6.97,12.16,7.94,0.02,39.78,0.82,
20160729,29-Jul-2016,0.429,0.571,0,16.68,7.6,2.53,8.49,8.63,7.31,0.88,6.97,12.36,7.9,0.02,39.24,0.81,
20160730,30-Jul-2016,0.428,0.572,0,17.59,7.61,2.56,8.22,8.68,7.31,0.86,6.94,12.45,7.89,0.02,40.11,0.83,
20160731,31-Jul-2016,0.468,0.532,0,16.7,7.55,2.53,8.43,8.67,7.31,0.86,6.88,12.91,7.97,0.02,39.52,0.8,
20160801,01-Aug-2016,0.44,0.56,0,16.28,7.56,2.87,8.44,8.66,7.31,0.93,6.85,12.22,7.91,0.02,39.55,0.83,
20160802,02-Aug-2016,0.468,0.532,0,16.57,7.57,2.06,8.5,8.69,7.3,0.93,6.79,12.6,8.06,0.02,39.88,0.83,
20160803,03-Aug-2016,0.439,0.561,0,15.65,7.58,1.29,8.71,8.7,7.31,0.87,6.81,12.06,7.99,0.02,39.29,0.78,
20160804,04-Aug-2016,0.511,0.489,0,16.17,7.58,0.63,8.48,8.68,7.3,0.9,6.74,12.8,7.97,0.02,39.28,0.8,
20160805,05-Aug-2016,0.485,0.515,0,14.33,7.59,1.63,8.57,8.64,7.31,0.96,6.7,11.91,7.89,0.02,39.06,0.82,
20160806,06-Aug-2016,0.492,0.508,0,14.39,7.64,1.75,8.92,8.63,7.31,0.93,6.65,11.83,7.96,0.02,39.32,0.82,
20160807,07-Aug-2016,0.518,0.482,0,15.67,7.68,2.3,8.62,8.64,7.3,1.02,6.55,12.27,7.93,0.02,39.35,0.83,
20160808,08-Aug-2016,0.425,0.575,0,16.89,7.64,1.75,8.35,8.74,7.3,1.12,6.51,12.47,7.92,0.02,38.93,0.82,
20160809,09-Aug-2016,0.485,0.515,0,17.14,7.65,0.96,8.3,8.77,7.3,1.02,6.51,12.92,8,0.02,38.8,0.81,
20160810,10-Aug-2016,0.453,0.547,0,16.56,7.64,1.37,8.45,8.77,7.29,1.11,6.41,12.6,7.9,0.02,39.04,0.81,
20160811,11-Aug-2016,0.581,0.419,0,16.22,7.63,2.22,8.57,8.76,7.29,1.13,6.39,13.5,8.07,0.02,39.24,0.81,
20160812,12-Aug-2016,0.444,0.556,0,15.77,7.64,2.13,8.69,8.75,7.3,1.09,6.4,12.31,7.96,0.02,38.77,0.82,
20160813,13-Aug-2016,0.437,0.563,0,16.09,7.65,1.93,8.57,8.8,7.29,1.17,6.32,12.33,7.96,0.02,39.04,0.82,
20160814,14-Aug-2016,0.453,0.547,0,15.46,7.62,2.58,8.71,8.79,7.29,1.23,6.25,12.02,8.05,0.02,39.07,0.79,
20160815,15-Aug-2016,0.431,0.569,0,15.43,7.47,3.07,8.73,8.82,7.29,1.31,6.24,11.83,7.99,0.02,39.17,0.82,
20160816,16-Aug-2016,0.464,0.536,0,14.49,7.5,2.82,9.02,8.81,7.29,1.23,6.22,11.69,8.1,0.02,39.17,0.8,
20160817,17-Aug-2016,0.451,0.549,0,15.02,7.58,2.83,8.87,8.88,7.3,1.15,6.21,11.83,8.03,0.02,39.74,0.82,
20160818,18-Aug-2016,0.429,0.571,0,15.44,7.57,2.78,8.71,8.88,7.3,1.3,6.15,11.97,7.9,0.02,39.38,0.8,
20160819,19-Aug-2016,0.465,0.535,0,14.49,7.58,2.57,8.86,8.84,7.3,1.31,6.12,11.81,8.02,0.02,39.06,0.81,
20160820,20-Aug-2016,0.557,0.443,0,13.79,7.62,2.66,9,8.79,7.3,1.3,6.06,12.09,7.89,0.02,37.56,0.81,
20160821,21-Aug-2016,0.518,0.482,0,14.99,7.67,2.52,8.72,8.83,7.3,1.33,6,12.39,7.9,0.02,38.9,0.81,
20160822,22-Aug-2016,0.432,0.568,0,15.43,7.59,2.39,8.56,8.87,7.29,1.33,5.97,11.68,7.95,0.02,39.76,0.82,
20160823,23-Aug-2016,0.451,0.549,0,14.54,7.6,2.05,8.91,8.89,7.29,1.37,5.9,11.2,7.88,0.02,39.01,0.82,
20160824,24-Aug-2016,0.469,0.531,0,14.24,7.62,1.99,8.98,8.86,7.29,1.4,5.85,11.27,7.94,0.02,39.48,0.84,
20160825,25-Aug-2016,0.505,0.495,0,13.41,7.67,3.61,9.14,8.75,7.3,1.42,5.87,11.42,7.95,0.02,37.86,0.82,
20160826,26-Aug-2016,0.504,0.496,0,13.63,7.78,2.83,9.15,8.69,7.3,1.33,5.87,11.27,8.03,0.02,38.09,0.83,
20160827,27-Aug-2016,0.474,0.526,0,14.51,7.79,2.12,8.87,8.71,7.3,1.38,5.81,11.58,7.91,0.02,37.66,0.82,
20160828,28-Aug-2016,0.455,0.545,0,14.71,7.76,2.31,8.85,8.78,7.29,1.51,5.74,11.61,7.95,0.02,38.68,0.81,
20160829,29-Aug-2016,0.458,0.542,0,14.81,7.76,1.81,8.94,8.73,7.22,1.31,5.75,11.59,7.94,0.02,38.15,0.81,
20160830,30-Aug-2016,0.574,0.426,0,14.3,7.73,1.79,9,8.61,7.18,1.42,5.59,12.33,8.03,0.02,38.76,0.81,
20160831,31-Aug-2016,0.459,0.541,0,15.17,7.76,2.02,8.83,8.73,7.18,1.73,5.52,11.97,7.94,0.02,39.4,0.82,
20160901,01-Sep-2016,0.469,0.531,0,15.94,7.73,1.96,8.53,8.77,7.18,1.91,5.47,12.24,7.93,0.02,38.68,0.81,
20160902,02-Sep-2016,0.503,0.497,0,16,7.76,2.19,8.6,8.8,7.19,1.71,5.5,12.41,8,0.02,37.69,0.82,
20160903,03-Sep-2016,0.528,0.472,0,15.46,7.78,1.7,8.56,8.79,7.18,1.95,5.36,12.98,7.9,0.02,38.78,0.8,
20160904,04-Sep-2016,0.608,0.392,0,15.58,7.87,1.45,8.63,8.82,7.19,1.73,5.42,13.08,7.94,0.02,40.19,0.82,
20160905,05-Sep-2016,0.5,0.5,0,15.31,7.89,1.32,8.68,8.82,7.18,1.8,5.33,12.54,7.89,0.02,39.36,0.83,
20160906,06-Sep-2016,0.561,0.439,0,15.84,7.89,1.3,8.6,8.89,7.18,1.79,5.28,12.88,7.9,0.02,38.08,0.8,
20160907,07-Sep-2016,0.498,0.502,0,16.32,7.9,1.23,8.46,8.89,7.11,1.87,5.19,12.95,7.95,0.02,39.05,0.77,
20160908,08-Sep-2016,0.544,0.456,0,15.58,7.94,1.25,8.67,8.88,7.08,1.79,5.16,12.87,7.96,0.02,39.43,0.81,
20160909,09-Sep-2016,0.49,0.51,0,15.23,7.94,1.25,8.8,8.9,7.08,1.81,5.12,12.31,7.98,0.02,40.04,0.83,
20160910,10-Sep-2016,0.576,0.424,0,13.48,7.95,1.16,9.27,8.87,7.08,1.97,5.03,12.34,7.92,0.02,39.8,0.83,
20160911,11-Sep-2016,0.486,0.514,0,13.29,7.99,1.15,9.23,8.93,7.08,1.96,4.95,11.35,7.91,0.02,39.34,0.85,
20160912,12-Sep-2016,0.439,0.561,0,13.56,7.99,1.14,9.07,8.99,7.08,2.02,4.89,11.11,7.98,0.02,39.1,0.84,
20160913,13-Sep-2016,0.449,0.551,0,13.2,7.93,1.06,9,8.91,7.09,1.96,4.85,11.15,8.01,0.02,38.55,0.8,
20160914,14-Sep-2016,0.405,0.595,0,12.08,7.89,1.07,9.39,8.97,7.06,2.16,4.73,10.7,7.94,0.02,39.66,0.81,
20160915,15-Sep-2016,0.389,0.611,0,13.41,7.89,1.18,8.92,8.84,7,2.09,4.72,10.45,7.9,0.02,38,0.83,
20160916,16-Sep-2016,0.321,0.679,0,12.48,7.93,1.16,9.44,8.87,7,2.19,4.66,10.37,7.97,0.02,38.49,0.86,
20160917,17-Sep-2016,0.27,0.73,0,12.24,7.94,1.06,9.49,8.89,7,2.1,4.66,9.73,8.01,0.02,39.03,0.84,
20160918,18-Sep-2016,0.243,0.757,0,12.69,7.92,1.05,9.26,8.97,6.99,2.33,4.5,9.87,7.96,0.02,39.43,0.82,
20160919,19-Sep-2016,0.237,0.763,0,13.89,7.95,1.12,9.05,9.07,6.99,2.21,4.49,9.93,8.06,0.02,39.19,0.82,
20160920,20-Sep-2016,0.426,0.574,0,14.87,7.99,1.41,8.86,9.1,6.99,2.33,4.38,11.35,8,0.02,38.55,0.84,
20160921,21-Sep-2016,0.596,0.404,0,14.43,8,1.2,8.99,9.12,6.99,2.2,4.37,12.47,7.95,0.02,37.89,0.83,
20160922,22-Sep-2016,0.621,0.379,0,13.59,7.98,1.02,9.18,9.12,7,2.18,4.29,12.4,7.9,0.02,38.56,0.8,
20160923,23-Sep-2016,0.523,0.477,0,14.61,8.03,0.95,8.86,9.13,7,2.31,4.22,12.22,7.86,0.02,38.58,0.83,
20160924,24-Sep-2016,0.663,0.337,0,12.69,8,1,9.32,9.17,7,2.19,4.21,12.24,7.86,0.02,37.63,0.81,
20160925,25-Sep-2016,0.626,0.374,0,11.56,8,0.92,9.73,9.17,7,2.34,4.12,11.34,7.92,0.02,37.59,0.83,
20160926,26-Sep-2016,0.507,0.493,0,11.61,7.98,1,9.74,9.22,7,2.22,4.1,10.82,7.9,0.02,37.83,0.86,
20160927,27-Sep-2016,0.587,0.413,0,12.13,8,0.96,9.59,9.26,7,2.16,4.03,11.19,7.91,0.02,37.6,0.81,
20160928,28-Sep-2016,0.536,0.464,0,12.66,8,0.93,9.49,9.31,6.99,2.3,3.92,11.44,7.89,0.02,37.39,0.82,
20160929,29-Sep-2016,0.55,0.45,0,12.89,8.01,0.95,9.45,9.34,7,2.29,3.87,11.64,7.92,0.02,37.79,0.85,
20160930,30-Sep-2016,0.545,0.455,0,13.33,8.03,0.95,9.28,9.37,7,2.28,3.81,11.95,7.93,0.02,38.39,0.84,
20161001,01-Oct-2016,0.599,0.401,0,13.09,8.06,0.94,9.3,9.35,6.99,2.24,3.75,11.93,7.94,0.02,37.94,0.82,
20161002,02-Oct-2016,0.576,0.424,0,13.36,8.04,0.94,9.24,9.4,7,2.1,3.75,12.29,7.87,0.02,37.8,0.82,
20161003,03-Oct-2016,0.595,0.405,0,12.6,8.06,1.02,8.92,9.42,7,2,3.65,11.7,7.95,0.02,38.03,0.81,
20161004,04-Oct-2016,0.391,0.609,0,10.16,7.98,0.99,7.91,9.48,6.99,1.71,3.7,10.46,7.84,0.02,37.8,0.77,
20161005,05-Oct-2016,0.559,0.441,0,8.56,8.01,0.94,9.66,9.54,6.99,1.6,3.63,9.4,7.93,0.02,38.64,0.81,
20161006,06-Oct-2016,0.47,0.53,0,8.82,7.95,0.86,9.49,9.47,6.99,1.59,3.53,9.52,7.98,0.02,39.24,0.82,
20161007,07-Oct-2016,0.584,0.416,0,7.7,8,0.9,10.02,9.42,6.99,1.53,3.45,8.92,7.98,0.02,38.56,0.83,
20161008,08-Oct-2016,0.608,0.392,0,8.05,8.01,0.91,9.88,9.44,6.99,1.52,3.35,8.97,7.86,0.02,38.64,0.84,
20161009,09-Oct-2016,0.586,0.414,0,8.5,8,0.93,9.72,9.45,7,1.48,3.27,9.29,7.89,0.02,38.44,0.83,
20161010,10-Oct-2016,0.538,0.462,0,9.42,7.99,0.9,9.4,9.5,6.99,1.52,3.23,9.63,7.98,0.02,38.91,0.82,
20161011,11-Oct-2016,0.552,0.448,0,10.53,7.94,0.94,9.11,9.5,6.99,1.48,3.15,10.27,7.9,0.02,38.11,0.82,
20161012,12-Oct-2016,0.569,0.431,0,10.02,7.96,0.91,9.38,9.78,6.93,1.5,3.12,10.85,7.83,0.02,38.79,0.81,
20161013,13-Oct-2016,0.573,0.427,0,8.6,7.96,0.98,9.84,9.72,6.86,1.44,3.07,9.16,7.94,0.02,40.27,0.81,
20161014,14-Oct-2016,0.583,0.417,0,9.54,7.91,0.96,9.49,9.75,6.86,1.49,3,9.87,7.96,0.02,39.12,0.8,
20161015,15-Oct-2016,0.631,0.369,0,10.53,7.89,0.97,9.17,9.75,6.85,1.52,2.94,10.17,7.96,0.02,38.79,0.82,
20161016,16-Oct-2016,0.551,0.449,0,11.11,7.87,0.99,8.99,9.78,6.85,1.55,2.89,10.71,7.94,0.02,39.08,0.81,
20161017,17-Oct-2016,0.441,0.559,0,10.51,7.88,1.05,8.89,9.86,6.85,1.73,2.87,10.44,7.95,0.02,39.5,0.81,
20161018,18-Oct-2016,0.44,0.56,0,9.13,7.89,0.95,9.28,9.9,6.84,1.59,2.76,9.86,7.87,0.02,39.41,0.83,
20161019,19-Oct-2016,0.462,0.538,0,8.67,7.91,0.86,9.78,9.9,6.84,1.56,2.7,9.61,7.85,0.02,38.61,0.84,
20161020,20-Oct-2016,0.464,0.536,0,7.66,7.95,0.82,10.22,9.92,6.83,1.53,2.68,9.22,8.02,0.02,39.29,0.82,
20161021,21-Oct-2016,0.456,0.544,0,6.91,7.98,0.77,10.39,9.9,6.82,1.53,2.6,8.74,7.93,0.02,39.09,0.81,
20161022,22-Oct-2016,0.443,0.557,0,7.27,7.97,0.77,10.17,9.89,6.81,1.59,2.52,8.82,7.93,0.02,38.95,0.83,
20161023,23-Oct-2016,0.458,0.542,0,7.83,7.95,0.8,9.95,9.86,6.8,1.62,2.45,9.04,7.9,0.02,39.12,0.83,
20161024,24-Oct-2016,0.453,0.547,0,7.65,7.97,0.79,10.07,9.88,6.79,1.76,2.33,9.02,8.02,0.03,39.23,0.84,
20161025,25-Oct-2016,0.451,0.549,0,8.57,7.93,0.81,9.69,9.88,6.79,1.76,2.28,9.35,7.96,0.03,39.02,0.85,
20161026,26-Oct-2016,0.424,0.576,0,8.82,7.91,1.33,9.65,9.9,6.78,1.86,2.26,9.56,7.99,0.03,39.43,0.83,
20161027,27-Oct-2016,0.385,0.615,0,8.58,7.93,0.91,9.77,9.92,6.78,1.88,2.2,9.55,8.09,0.03,40.12,0.78,
20161028,28-Oct-2016,0.359,0.641,0,8.75,7.92,0.86,9.66,9.95,6.77,2.01,2.07,9.62,8.08,0.03,39.87,0.8,
20161029,29-Oct-2016,0.438,0.562,0,8.99,7.91,0.84,9.55,9.95,6.77,2.03,2.01,9.63,8.12,0.03,39.76,0.84,
20161030,30-Oct-2016,0.434,0.566,0,9.52,7.91,0.85,9.43,9.97,6.77,2.18,1.94,9.89,8.01,0.03,39.62,0.86,
20161031,31-Oct-2016,0.384,0.616,0,9.32,7.92,0.91,9.42,9.99,6.76,2.29,1.92,9.87,7.99,0.03,39.47,0.83,
20161101,01-Nov-2016,0.406,0.594,0,9.2,7.91,0.85,9.46,10.02,6.76,2.38,1.88,9.89,7.96,0.03,39.27,0.8,
20161102,02-Nov-2016,0.261,0.739,0,9.45,7.92,0.71,9.16,10.61,6.77,2.09,2.87,9.82,7.88,0.03,39,0.78,
20161103,03-Nov-2016,0.272,0.728,0,9,7.85,0.73,9.51,10.08,6.76,2.45,1.81,9.85,7.97,0.03,40.65,0.83,
20161104,04-Nov-2016,0.363,0.637,0,7.04,7.94,0.79,10.48,10.1,6.76,2.6,1.82,9.22,7.97,0.03,39.29,0.84,
20161105,05-Nov-2016,0.355,0.645,0,6.46,7.99,0.72,10.54,10.11,6.75,2.88,1.76,8.87,8.13,0.03,40.55,0.84,
20161106,06-Nov-2016,0.425,0.575,0,6.87,8,0.75,10.3,10.14,6.75,3.09,1.66,8.83,7.94,0.03,40.08,0.85,
20161107,07-Nov-2016,0.483,0.517,0,6.88,7.99,0.81,10.26,10.19,6.75,3.21,1.63,8.94,8.03,0.03,40.95,0.84,
20161108,08-Nov-2016,0.478,0.522,0,6.34,8,0.73,10.61,10.22,6.74,3.35,1.57,8.75,7.94,0.02,39.55,0.8,
20161109,09-Nov-2016,0.49,0.51,0,5.79,7.91,0.7,10.79,10.24,6.74,3.44,1.51,8.38,8.09,0.02,39.58,0.85,
20161110,10-Nov-2016,0.477,0.523,0,5.63,7.85,0.71,10.77,10.29,,3.45,1.53,8.31,8.03,0.02,39.49,0.9,
20161111,11-Nov-2016,0.59,0.41,0,5.31,7.88,0.71,10.91,10.36,,3.47,1.51,7.83,8.02,0.02,39.67,0.89,
20161112,12-Nov-2016,0.519,0.481,0,4.75,7.9,0.69,11.04,10.4,,3.5,1.45,7.77,8.06,0.02,39.85,0.84,
20161113,13-Nov-2016,0.496,0.504,0,5.12,7.89,0.7,10.82,10.48,,3.3,1.52,7.98,8.1,0.02,39.6,0.83,
20161114,14-Nov-2016,0.567,0.433,0,5.57,7.88,0.82,10.61,10.58,,3.18,1.59,8.02,8.18,0.02,38.86,0.84,
20161115,15-Nov-2016,0.533,0.467,0,6.25,7.86,0.75,10.38,10.64,6.74,2.98,1.66,8.47,8.05,0.02,38.38,0.85,
20161116,16-Nov-2016,0.621,0.379,0,6.05,7.87,0.71,10.38,10.78,6.75,2.77,1.93,8.32,7.99,0.02,38.98,0.85,
20161117,17-Nov-2016,0.529,0.471,0,6.5,7.83,0.73,10.15,10.92,6.77,2.71,2.34,8.96,7.97,0.02,38.7,0.84,
20161118,18-Nov-2016,0.557,0.443,0,3.16,7.93,0.74,11.66,11.22,6.93,2.07,4.97,7.44,8.1,0.02,38.56,0.84,
20161119,19-Nov-2016,0.579,0.421,0,2.04,8.05,0.67,12.1,11.55,7.16,1.54,7.4,6.56,8.1,0.02,38.91,0.87,
20161120,20-Nov-2016,0.595,0.405,0,2.04,8.1,0.72,11.92,11.52,7.3,1.33,8.25,6.12,7.87,0.02,39.29,0.85,
20161121,21-Nov-2016,0.494,0.506,0,3.77,7.94,0.76,11.13,11.49,7.35,1.32,8.05,7.71,8.35,0.02,40.09,0.82,
20161122,22-Nov-2016,0.483,0.517,0,4.92,7.88,0.74,10.7,11.45,7.38,1.21,7.9,8.43,7.84,0.02,37.96,0.81,
20161123,23-Nov-2016,0.512,0.488,0,4.45,7.87,0.63,11.13,11.26,7.37,1.22,7.9,8.23,8.02,0.02,39.14,0.84,
20161124,24-Nov-2016,0.382,0.618,0,3.07,7.96,0.55,11.76,11.13,7.42,1.14,8.1,8.01,7.89,0.02,37.86,0.91,
20161125,25-Nov-2016,0.493,0.507,0,2.23,8.04,0.57,12.08,10.96,7.42,1.22,8.15,7.38,7.92,0.02,37.36,0.83,
20161126,26-Nov-2016,0.38,0.62,0,2.25,8.06,,11.96,10.77,7.42,1.23,8.18,7.24,8.13,0.02,38.66,0.84,
20161127,27-Nov-2016,0.322,0.678,0,2.2,8.1,0.53,11.86,10.69,7.43,1.07,8.2,8.07,7.96,0.02,38.86,0.82,
20161128,28-Nov-2016,0.439,0.561,0,1.81,7.91,1.57,11.62,10.46,7.45,1.01,8.3,7.22,8.03,0.02,38.27,0.83,
20161129,29-Nov-2016,0.534,0.419,0.047,1.3,7.82,0.57,11.68,10.11,7.46,1.05,8.41,5.23,7.87,0.02,38.72,0.88,
20161130,30-Nov-2016,0.578,0.362,0.06,1.69,8.13,0.55,11.79,9.82,7.43,1.07,8.42,4.31,7.84,0.02,38.79,0.89,
20161201,01-Dec-2016,0.505,0.478,0.017,1.32,8.5,0.57,11.82,9.54,7.38,1.1,8.38,5.09,8.3,0.02,42.51,0.86,
20161202,02-Dec-2016,0.503,0.497,0,1.42,,0.54,11.84,9.42,7.42,1.03,8.48,5.41,7.81,0.03,39.41,0.85,
20161203,03-Dec-2016,0.469,0.531,0,1.38,7.66,0.56,11.89,9.27,7.43,0.95,8.55,5.58,8.09,0.03,39.62,0.86,
20161204,04-Dec-2016,0.53,0.47,0,1.25,,0.57,11.86,9.08,7.44,0.93,8.59,5.17,8.03,0.02,38.93,0.84,
20161205,05-Dec-2016,0.547,0.453,0,1.24,7.91,0.63,11.69,8.91,7.46,0.97,8.68,5.02,8.08,0.02,38.2,0.82,
20161206,06-Dec-2016,0.439,0.561,0,1.37,7.87,0.67,11.84,8.6,7.46,0.94,8.76,5.58,7.97,0.02,37.8,0.82,
20161207,07-Dec-2016,0.511,0.489,0,1.28,7.86,0.59,11.77,8.26,7.46,0.97,8.82,4.87,7.87,0.02,38.14,0.81,
20161208,08-Dec-2016,0.476,0.524,0,1.36,7.84,0.54,11.94,7.92,7.48,0.92,8.89,4.99,7.8,0.02,37.71,0.86,
20161209,09-Dec-2016,0.446,0.554,0,1.32,7.85,0.49,11.88,7.65,7.49,0.93,8.96,5.03,8.03,0.02,38.68,0.84,
20161210,10-Dec-2016,0.503,0.497,0,1.18,7.89,0.56,11.8,7.51,7.49,0.92,8.97,4.5,8.06,0.02,39.35,0.83,
20161211,11-Dec-2016,0.512,0.488,0,1.16,7.85,0.75,11.69,7.51,7.51,0.85,9.05,4.52,8.12,0.02,37.25,0.82,
20161212,12-Dec-2016,0.554,0.446,0,1.16,7.82,0.61,11.8,7.43,7.51,0.86,9.09,4.27,7.91,0.02,36.62,0.84,
20161213,13-Dec-2016,0.579,0.421,0,1.09,7.84,0.6,11.86,7.3,7.53,0.84,9.15,3.91,7.95,0.02,36.96,0.81,
20161214,14-Dec-2016,0.593,0.407,0,1.05,7.84,0.61,11.9,7.11,7.53,0.92,9.22,3.81,8.05,0.02,37.87,0.87,
20161215,15-Dec-2016,0.495,0.505,0,1.06,7.85,0.58,11.88,6.93,7.54,0.91,9.29,4.04,8.19,0.02,38.21,0.84,
20161216,16-Dec-2016,0.527,0.473,0,1.06,7.85,0.68,11.67,6.75,7.53,1,9.32,4.03,8.08,0.02,37.88,0.78,
20161217,17-Dec-2016,0.567,0.433,0,1.11,7.79,0.61,11.68,6.5,7.55,0.93,9.41,3.61,7.99,0.02,38.03,0.81,
20161218,18-Dec-2016,0.584,0.416,0,1.1,7.78,0.55,11.86,6.21,7.56,0.96,9.44,3.61,8.04,0.02,39.04,0.9,
20161219,19-Dec-2016,0.535,0.465,0,0.93,7.81,0.57,11.95,5.9,7.58,0.92,9.56,3.23,8.07,0.02,38.49,0.84,
20161220,20-Dec-2016,0.56,0.44,0,1.05,7.85,0.54,11.89,5.85,7.59,0.92,9.58,3.34,8.21,0.02,38.14,0.85,
20161221,21-Dec-2016,0.562,0.438,0,1.04,7.83,0.56,11.89,5.82,7.6,0.86,9.63,3.38,8.05,0.02,36.66,0.85,
20161222,22-Dec-2016,0.606,0.394,0,0.94,7.83,0.57,11.99,5.73,7.61,0.88,9.7,3.24,7.96,0.02,38.7,0.81,
20161223,23-Dec-2016,0.572,0.428,0,1.07,7.81,0.55,11.78,5.68,7.62,0.86,9.72,3.29,8.09,0.02,37.8,0.83,
20161224,24-Dec-2016,0.548,0.452,0,1.15,7.81,0.55,11.78,5.68,7.62,0.86,9.73,3.58,7.87,0.02,36.78,0.83,
20161225,25-Dec-2016,0.597,0.403,0,1.18,7.82,0.55,11.67,5.62,7.62,0.87,9.76,3.43,8.13,0.02,38.32,0.85,
20161226,26-Dec-2016,0.578,0.422,0,1.07,7.81,0.56,11.7,5.5,7.61,0.9,9.75,3.3,8.02,0.02,38.18,0.84,
20161227,27-Dec-2016,0.559,0.441,0,0.99,7.83,0.56,11.92,5.4,7.61,0.9,9.76,3.25,8.08,0.02,38.13,0.85,
20161228,28-Dec-2016,0.612,0.388,0,1.03,7.85,0.58,11.81,5.34,7.63,0.85,9.83,3.09,8.03,0.02,37.39,0.85,
20161229,29-Dec-2016,0.63,0.37,0,1,7.85,0.56,12.01,5.18,7.63,0.86,9.87,2.99,8.27,0.02,35.64,0.83,
20161230,30-Dec-2016,0.632,0.368,0,0.93,7.85,0.58,11.94,5.02,7.65,0.88,9.98,2.72,8.22,0.02,36.95,0.82,
20161231,31-Dec-2016,0.603,0.397,0,0.96,7.83,0.56,11.78,5.02,7.63,0.84,9.94,2.82,8.49,0.02,38.81,0.85,
20170101,01-Jan-2017,0.583,0.417,0,1.01,7.85,0.54,11.77,4.93,7.64,0.81,9.99,2.9,8.43,0.02,37.93,0.85,
20170102,02-Jan-2017,0.555,0.445,0,0.96,7.85,0.56,11.74,4.9,7.63,0.79,9.97,2.99,8.5,0.02,37.91,0.81,
20170103,03-Jan-2017,0.577,0.423,0,0.94,7.84,0.56,11.88,4.82,7.61,0.8,9.93,2.92,8.47,0.02,37,0.82,
20170104,04-Jan-2017,0.572,0.428,0,0.93,7.83,0.56,11.86,4.75,7.58,0.81,9.89,2.91,8.3,0.02,37.71,0.85,
20170105,05-Jan-2017,0.567,0.433,0,0.92,7.78,0.56,11.76,4.58,7.57,0.79,9.89,2.81,8.38,0.02,39.29,0.92,
20170106,06-Jan-2017,0.562,0.438,0,0.89,7.76,0.58,11.77,4.29,7.58,0.78,9.96,2.66,8.51,0.02,39.16,0.89,
20170107,07-Jan-2017,0.6,0.4,0,0.9,7.74,0.54,11.83,4.21,7.59,0.75,9.98,2.54,8.25,0.02,39.54,0.84,
20170108,08-Jan-2017,0.535,0.465,0,0.88,7.75,0.57,11.85,4.12,7.59,0.73,10,2.65,8.63,0.02,39.68,0.81,
20170109,09-Jan-2017,0.577,0.423,0,0.85,7.8,0.63,11.78,4.08,7.6,0.75,10.07,2.6,8.27,0.02,38.06,0.85,
20170110,10-Jan-2017,0.552,0.448,0,0.89,7.81,0.76,11.69,4.06,7.6,0.87,10.14,2.6,8.4,0.02,38.22,0.87,
20170111,11-Jan-2017,0.587,0.413,0,0.87,8,0.69,11.74,4.16,7.67,0.87,10.12,2.78,8.58,0.02,39.03,0.84,
20170112,12-Jan-2017,0.542,0.458,0,0.88,8.29,0.63,11.78,3.94,7.71,0.88,10.11,2.55,8.66,0.02,39.18,0.83,
20170113,13-Jan-2017,0.583,0.417,0,0.84,8.31,0.62,11.97,3.87,7.71,0.87,10.13,2.49,8.36,0.02,38.8,0.85,
20170114,14-Jan-2017,0.623,0.377,0,0.83,8.27,0.6,12.01,3.95,7.68,0.91,10.04,2.3,8.46,0.02,38.62,0.86,
20170115,15-Jan-2017,0.61,0.39,0,0.84,,0.59,11.98,3.99,7.68,0.87,9.99,2.35,8.59,0.02,39.53,0.85,
20170116,16-Jan-2017,0.624,0.376,0,0.84,,0.59,11.89,3.95,7.67,0.86,7.83,2.36,8.55,0.02,39.48,0.84,
20170117,17-Jan-2017,0.542,0.458,0,0.82,7.82,0.59,11.94,3.84,7.67,0.9,9.45,2.36,8.69,0.02,39.01,0.82,
20170118,18-Jan-2017,0.55,0.45,0,0.84,7.83,0.63,11.91,3.95,7.62,0.95,9.92,2.56,8.21,0.02,36.71,0.8,
20170119,19-Jan-2017,0.634,0.366,0,0.81,7.86,0.63,11.79,3.97,7.63,0.85,9.94,2.31,8.4,0.02,38.32,0.86,
20170120,20-Jan-2017,0.648,0.352,0,0.79,7.88,0.62,11.74,4.01,7.62,0.83,9.91,2.24,8.64,0.02,38.97,0.81,
20170121,21-Jan-2017,0.661,0.339,0,0.77,7.88,0.61,11.72,3.97,7.64,0.8,9.98,2.15,8.53,0.02,39.08,0.83,
20170122,22-Jan-2017,0.651,0.349,0,0.78,7.86,0.61,11.82,3.87,7.7,0.81,10.2,2.11,8.46,0.02,38.74,0.84,
20170123,23-Jan-2017,0.635,0.365,0,0.77,7.84,0.65,11.84,3.98,7.61,0.89,9.87,2.19,8.5,0.02,38.1,0.82,
20170124,24-Jan-2017,0.657,0.343,0,0.48,7.88,0.63,11.74,3.91,7.63,0.81,9.86,2.1,8.49,0.02,38.73,0.81,
20170125,25-Jan-2017,0.444,0.556,0,0.69,7.83,0.65,11.73,3.78,7.62,0.68,10.1,2.46,8.38,0.03,38.65,0.82,
20170126,26-Jan-2017,0.395,0.605,0,0.75,7.78,0.62,11.98,3.79,7.63,0.69,10.08,2.68,8.45,0.02,39.15,0.78,
20170127,27-Jan-2017,0.588,0.412,0,0.76,7.86,0.61,12.18,3.59,7.67,0.72,10.25,2.26,7.69,0.02,38.8,0.79,
20170128,28-Jan-2017,0.611,0.389,0,0.74,7.82,0.61,12.03,3.62,7.64,0.76,10.16,1.98,7.73,0.02,39.09,0.85,
20170129,29-Jan-2017,0.608,0.392,0,0.77,7.85,0.59,12.09,3.34,7.69,0.72,10.44,2.11,8.18,0.02,38.53,0.87,
20170130,30-Jan-2017,0.478,0.522,0,0.7,7.85,0.63,12.03,3.33,7.7,0.73,10.53,2.27,8.17,0.02,37.87,0.81,
20170131,31-Jan-2017,0.503,0.497,0,0.71,7.85,0.64,11.93,3.37,7.69,0.73,10.48,2.39,7.96,0.02,36.99,0.81,
20170201,01-Feb-2017,0.449,0.551,0,0.93,7.84,0.64,11.99,3.39,7.68,0.73,10.49,2.4,8.02,0.03,38.38,0.84,
20170202,02-Feb-2017,0.573,0.427,0,0.67,7.79,0.6,11.97,3.37,7.65,0.77,10.43,2.18,7.88,0.03,38.74,0.84,
20170203,03-Feb-2017,0.622,0.378,0,0.65,7.8,0.61,12.02,3.36,7.64,0.72,10.43,1.97,7.98,0.02,38.36,0.85,
20170204,04-Feb-2017,0.671,0.329,0,0.67,7.83,0.63,11.92,3.07,7.67,0.73,10.56,1.81,7.97,0.02,37.8,0.84,
20170205,05-Feb-2017,0.668,0.332,0,0.7,7.84,0.63,11.95,3.12,7.67,0.79,10.58,1.8,7.98,0.02,38.22,0.83,
20170206,06-Feb-2017,0.549,0.451,0,0.65,7.87,0.85,11.9,3.12,7.68,0.75,10.63,1.86,8.03,0.02,38.41,0.82,
20170207,07-Feb-2017,0.229,0.771,0,1.04,7.87,0.6,11.78,3.21,7.65,0.85,10.62,2.77,8.07,0.02,38.36,0.8,
20170208,08-Feb-2017,0.225,0.775,0,1.2,7.77,0.51,11.69,3.22,7.68,0.74,10.73,2.91,7.92,0.02,38.67,0.8,
20170209,09-Feb-2017,0.225,0.775,0,1.22,7.75,0.54,11.78,3.31,7.69,0.77,10.7,2.96,7.78,0.02,37.46,0.81,
20170210,10-Feb-2017,0.387,0.613,0,1.24,7.76,0.71,11.65,3.36,7.7,0.79,10.69,2.83,7.81,0.02,37.25,0.82,
20170211,11-Feb-2017,0.481,0.519,0,2.41,7.62,0.92,11.04,3.51,7.7,0.87,10.68,3.1,8.04,0.02,37.85,0.81,
20170212,12-Feb-2017,0.487,0.513,0,3.02,7.56,0.86,11.15,3.58,7.69,0.88,10.67,3.48,7.89,0.02,38.23,0.84,
20170213,13-Feb-2017,0.521,0.479,0,2.17,7.68,0.83,11.59,3.45,7.63,0.91,10.68,3.12,7.8,0.02,38.86,0.78,
20170214,14-Feb-2017,0.598,0.402,0,1.63,7.69,0.69,11.66,3.4,7.59,0.89,10.66,2.95,8.22,0.02,36.54,0.82,
20170215,15-Feb-2017,0.749,0.251,0,1.82,7.74,0.7,11.64,3.43,7.6,0.86,10.64,2.66,8.08,0.02,34.96,0.83,
20170216,16-Feb-2017,0.763,0.237,0,2.76,7.7,1.02,11.14,3.48,7.62,0.82,10.7,3.25,7.83,0.02,37.57,0.82,
20170217,17-Feb-2017,0.671,0.329,0,3.15,7.63,0.65,10.82,3.47,7.61,0.79,10.67,3.93,7.9,0.02,38.2,0.84,
20170218,18-Feb-2017,0.665,0.335,0,3.6,7.61,0.63,10.77,3.62,7.61,0.82,10.65,4.17,7.74,0.02,37.19,0.83,
20170219,19-Feb-2017,0.67,0.33,0,3.71,7.62,0.61,10.74,3.68,7.61,0.8,10.64,4.22,7.73,0.02,36.8,0.81,
20170220,20-Feb-2017,0.699,0.301,0,3.84,7.6,0.62,10.7,3.74,7.62,0.84,10.65,4.38,7.62,0.02,37.02,0.82,
20170221,21-Feb-2017,0.672,0.328,0,4.26,7.57,0.62,10.66,3.88,7.64,0.9,10.69,4.56,7.79,0.02,37.19,0.82,
20170222,22-Feb-2017,0.679,0.321,0,5.1,7.57,0.51,10.34,4,7.63,0.86,10.76,5.24,7.93,0.02,37.73,0.81,
20170223,23-Feb-2017,0.758,0.242,0,3.54,7.63,0.42,10.8,4.1,7.62,0.82,10.74,4.86,8.01,0.02,39.15,0.77,
20170224,24-Feb-2017,0.689,0.311,0,1.33,7.71,0.37,11.74,3.99,7.62,0.74,10.73,2.84,7.98,0.02,38.99,0.79,
20170225,25-Feb-2017,0.627,0.373,0,1.06,7.78,0.36,11.97,3.87,7.63,0.78,10.75,2.76,7.95,0.02,39.22,0.83,
20170226,26-Feb-2017,0.565,0.435,0,0.77,7.77,0.34,11.9,3.82,7.61,0.63,10.71,2.61,7.9,0.02,39.26,0.82,
20170227,27-Feb-2017,0.607,0.393,0,0.73,7.78,0.34,11.84,3.81,7.61,0.57,10.7,2.51,7.82,0.02,38.99,0.8,
20170228,28-Feb-2017,0.536,0.464,0,0.77,7.79,0.39,11.8,3.77,7.62,0.54,10.72,2.59,7.97,0.02,39.05,0.81,
20170301,01-Mar-2017,0.51,0.49,0,0.79,7.76,0.33,11.79,3.74,7.61,0.51,10.51,2.73,8.05,0.02,38.8,0.81,
20170302,02-Mar-2017,0.607,0.393,0,0.73,7.75,0.37,11.89,3.78,7.61,0.49,10.42,2.46,7.9,0.02,39.43,0.84,
20170303,03-Mar-2017,0.493,0.507,0,0.95,7.76,0.34,11.87,3.81,7.6,0.49,10.44,2.79,8.04,0.02,39.19,0.81,
20170304,04-Mar-2017,0.568,0.432,0,1.36,7.74,0.36,11.7,3.84,7.6,0.42,10.52,2.88,7.92,0.02,39.52,0.82,
20170305,05-Mar-2017,0.599,0.401,0,2.75,7.65,0.36,11.11,3.87,7.63,0.39,10.64,3.51,8.07,0.02,39.23,0.84,
20170306,06-Mar-2017,0.536,0.464,0,3.09,7.64,0.4,10.93,3.91,7.62,0.51,10.65,3.86,7.95,0.02,38.95,0.84,
20170307,07-Mar-2017,0.591,0.409,0,1.41,7.73,0.41,11.82,3.81,7.62,0.58,10.67,3.09,7.86,0.02,39.05,0.84,
20170308,08-Mar-2017,0.559,0.441,0,2.09,7.7,0.49,11.58,3.85,7.62,0.69,10.69,3.07,7.9,0.02,38.86,0.82,
20170309,09-Mar-2017,0.588,0.412,0,4.52,7.55,0.48,10.66,3.93,7.62,0.67,10.72,4.37,7.95,0.02,39.37,0.87,
20170310,10-Mar-2017,0.656,0.344,0,5.06,7.54,0.42,10.63,4.01,7.63,0.7,10.73,5.15,7.94,0.02,38.99,0.84,
20170311,11-Mar-2017,0.625,0.375,0,5.21,7.52,0.43,10.53,4.08,7.63,0.64,10.77,5.26,8.05,0.02,38.68,0.79,
20170312,12-Mar-2017,0.697,0.303,0,5.16,7.53,0.45,10.6,4.19,7.63,0.63,10.8,5.4,7.9,0.02,39.39,0.77,
20170313,13-Mar-2017,0.683,0.317,0,4.78,7.56,0.45,10.87,4.21,7.62,0.63,10.8,5.53,7.87,0.02,39.2,0.8,
20170314,14-Mar-2017,0.543,0.457,0,4.56,7.58,0.44,10.88,4.26,7.63,0.61,10.84,4.79,7.92,0.02,38.55,0.81,
20170315,15-Mar-2017,0.704,0.296,0,6.79,7.87,0.49,10.31,4.74,7.69,0.54,10.86,5.98,7.95,0.02,39.51,0.85,
20170316,16-Mar-2017,0.601,0.399,0,7.91,8.03,0.56,9.98,4.99,7.69,0.54,10.85,6.74,8.01,0.02,39.25,0.85,
20170317,17-Mar-2017,0.562,0.438,0,8.1,8.02,0.6,9.98,5.02,7.69,0.52,10.85,6.73,7.88,0.02,38.05,0.78,
20170318,18-Mar-2017,0.54,0.46,0,8.56,7.98,0.64,9.93,5.02,7.66,0.53,10.82,7.07,7.93,0.02,37.92,0.84,
20170319,19-Mar-2017,0.468,0.532,0,9.63,7.97,0.7,9.55,5.05,7.64,0.49,10.82,7.02,7.89,0.02,36.82,0.83,
20170320,20-Mar-2017,0.511,0.489,0,9.58,7.96,0.81,9.59,5.25,7.65,0.47,10.84,7.32,8,0.02,36.79,0.82,
20170321,21-Mar-2017,0.669,0.331,0,8.76,7.94,0.87,9.9,5.16,7.63,0.46,10.79,7.8,7.87,0.02,37.33,0.83,
20170322,22-Mar-2017,0.659,0.341,0,7.99,7.94,0.92,10.19,5.2,7.6,0.44,10.76,7.29,8.02,0.02,37.81,0.81,
20170323,23-Mar-2017,0.657,0.343,0,9.05,7.89,1.12,9.69,5.22,7.59,0.42,10.75,7.65,7.96,0.02,37.42,0.82,
20170324,24-Mar-2017,0.476,0.524,0,9.31,7.78,1.08,9.45,5.63,7.62,0.41,10.73,7.93,8.15,0.02,37.61,0.84,
20170325,25-Mar-2017,0.561,0.439,0,8.58,7.87,1.33,9.91,5.47,7.59,0.4,8.86,6.72,7.98,0.02,37.98,0.82,
20170326,26-Mar-2017,0.691,0.309,0,8.32,7.84,1.23,9.98,5.57,7.59,0.33,10.8,7.78,8.04,0.03,37.71,0.77,
20170327,27-Mar-2017,0.589,0.411,0,8.07,7.86,1.18,10.13,5.5,7.58,0.29,10.76,7.16,8.03,0.03,38.37,0.8,
20170328,28-Mar-2017,0.589,0.411,0,7.8,7.83,1.17,10.14,5.6,7.57,0.25,10.76,6.68,8.14,0.02,39.15,0.81,
20170329,29-Mar-2017,0.672,0.328,0,6.58,7.87,1.68,10.73,5.59,7.55,0.28,10.68,6.17,8.08,0.03,39.65,0.82,
20170330,30-Mar-2017,0.649,0.351,0,8.36,7.84,1.37,10.03,5.61,7.54,0.24,10.68,7.04,7.95,0.03,39.76,0.82,
20170331,31-Mar-2017,0.545,0.455,0,8.41,7.81,1.22,9.87,5.73,7.55,0.17,10.74,7.12,8.07,0.02,39.18,0.79,
20170401,01-Apr-2017,0.559,0.441,0,6.21,7.92,1.16,10.96,5.66,7.53,0.14,10.69,5.93,7.91,0.02,39.1,0.88,
20170402,02-Apr-2017,0.671,0.329,0,6.09,7.94,1.06,10.94,5.63,7.51,0.14,10.62,5.74,7.85,0.03,39.57,0.87,
20170403,03-Apr-2017,0.698,0.302,0,7.92,7.91,1.41,10.28,5.8,7.5,0.1,10.61,6.52,7.93,0.03,38.91,0.8,
20170404,04-Apr-2017,0.719,0.281,0,7.59,7.9,1.27,10.41,5.91,7.5,1.07,10.6,7.01,8.04,0.03,39.4,0.71,
20170405,05-Apr-2017,0.82,0.18,0,5.33,7.81,1.21,11.36,5.87,7.5,1.01,10.59,5.74,7.98,0.03,39.17,0.76,
20170406,06-Apr-2017,0.958,0.042,0,8.2,7.69,1.49,10.38,6,7.49,0.95,10.55,6.85,7.98,0.03,39.67,0.81,
20170407,07-Apr-2017,1,0,0,9.41,7.63,1.52,9.99,,,,,8.92,7.91,0.02,39.6,0.77,
20170408,08-Apr-2017,1,0,0,9.83,7.54,1.42,9.69,,,,,9.69,7.94,0.02,39.5,0.72,
20170409,09-Apr-2017,1,0,0,10.68,7.57,2.16,9.42,,,,,10.14,8,0.03,39.67,0.75,
20170410,10-Apr-2017,1,0,0,7.84,7.54,2.98,10.59,,,,,8.71,8.03,0.03,39.59,0.77,
20170411,11-Apr-2017,1,0,0,7.84,7.54,2.75,10.63,,,,,7.5,7.97,0.03,38.92,0.79,
20170412,12-Apr-2017,1,0,0,9.07,7.55,2.57,10.25,,,,,8.23,8.01,0.03,38.95,0.78,
20170413,13-Apr-2017,0.901,0.099,0,10.19,7.45,2.45,9.9,6.55,7.53,2.16,10.55,9.73,7.96,0.03,38.47,0.81,
20170414,14-Apr-2017,0.76,0.24,0,11.98,7.32,2.98,9.16,6.53,7.51,1.18,10.3,10.26,8,0.03,38.19,0.89,
20170415,15-Apr-2017,0.783,0.217,0,12.01,7.23,4.99,9.07,6.51,7.49,1.14,10.28,10.41,8.05,0.03,37.53,0.82,
20170416,16-Apr-2017,0.764,0.236,0,11.14,7.15,6.1,9.47,6.59,7.48,1.17,10.26,10.09,8.04,0.03,37.61,0.77,
20170417,17-Apr-2017,0.66,0.34,0,10.53,7.29,5.65,9.77,6.32,7.47,1.18,10.25,8.84,8.07,0.03,38.92,0.78,
20170418,18-Apr-2017,0.588,0.412,0,9.55,7.35,5.04,9.84,6.33,7.48,1.15,10.28,8.31,7.99,0.04,39.42,0.75,
20170419,19-Apr-2017,0.418,0.582,0,9.98,7.26,5.28,9.39,6.46,7.48,1.17,10.29,7.59,8.08,0.03,38.56,0.83,
20170420,20-Apr-2017,0.398,0.602,0,10.24,7.27,6.66,9.36,6.54,7.48,1.18,10.28,7.69,8.18,0.03,39.09,0.81,
20170421,21-Apr-2017,0.502,0.498,0,9.24,7.33,5.5,9.94,6.59,7.46,1.16,10.27,7.86,8.2,0.03,38.92,0.74,
20170422,22-Apr-2017,0.512,0.488,0,7.89,7.4,4.63,10.55,6.66,7.47,1.15,10.27,7.4,8.05,0.03,39.63,0.76,
20170423,23-Apr-2017,0.547,0.453,0,8.59,7.37,4.36,9.96,6.69,7.46,1.13,10.25,7.2,7.98,0.03,39.22,0.78,
20170424,24-Apr-2017,0.556,0.444,0,9.27,7.56,4.79,9.58,6.76,7.4,1.13,10.21,7.97,8,0.03,39.04,0.84,
20170425,25-Apr-2017,0.514,0.486,0,9.61,7.77,4.96,9.72,6.92,7.34,1.14,9.44,8.27,7.87,0.03,37.63,0.81,
20170426,26-Apr-2017,0.522,0.478,0,9.12,7.82,4.5,10.08,6.95,7.33,1.16,9.16,8.2,7.95,0.03,38.52,0.79,
20170427,27-Apr-2017,0.495,0.505,0,8.55,7.86,3.9,10.25,6.96,7.33,1.17,9.13,7.74,7.92,0.03,39.2,0.84,
20170428,28-Apr-2017,0.493,0.507,0,7.84,7.89,3.6,10.55,6.96,7.31,1.16,9.1,7.46,8.01,0.03,38.23,0.83,
20170429,29-Apr-2017,0.65,0.35,0,5.71,7.98,3.19,11.65,6.94,7.3,1.15,9.05,6.71,7.94,0.03,37.56,0.8,
20170430,30-Apr-2017,0.691,0.309,0,4.79,8.03,2.93,12.07,6.96,7.31,1.15,9.04,5.66,8,0.03,37.26,0.8,
20170501,01-May-2017,0.578,0.422,0,6.49,7.95,3.51,10.86,7.13,7.33,1.13,9.1,6.05,8.01,0.03,37.51,0.88,
20170502,02-May-2017,0.599,0.401,0,8.01,7.76,4.67,10.55,7.18,7.32,1.14,9.06,7.37,7.97,0.03,38.74,0.86,
20170503,03-May-2017,0.575,0.425,0,8.82,7.67,4.04,10.37,7.22,7.31,1.16,9.02,7.93,7.95,0.03,38.9,0.8,
20170504,04-May-2017,0.522,0.478,0,9.86,7.63,4.02,9.97,7.37,7.32,1.14,9.04,8.37,8.09,0.02,38.64,0.85,
20170505,05-May-2017,0.32,0.68,0,11.62,7.54,3.72,9.18,7.41,7.32,1.18,9,8.46,7.92,0.02,35.63,0.87,
20170506,06-May-2017,0.267,0.733,0,11.66,7.51,3.76,8.68,7.47,7.31,1.14,8.98,8.25,8.02,0.02,33.08,0.88,
20170507,07-May-2017,0.247,0.753,0,12.43,7.44,4.85,8.51,7.53,7.3,1.17,8.92,8.56,8.09,0.02,34.09,0.87,
20170508,08-May-2017,0.291,0.709,0,11,7.42,6.76,8.96,7.23,7.35,1.22,8.82,8.46,8.84,0.02,33.25,0.82,
20170509,09-May-2017,0.331,0.669,0,8.98,7.4,5.04,9.63,7.1,7.38,1.22,8.79,8.64,8.62,0.04,34.66,0.73,
20170510,10-May-2017,0.242,0.758,0,9.26,7.38,4,9.08,7.07,7.38,1.24,8.78,8.19,7.92,0.02,40.12,0.74,
20170511,11-May-2017,0.216,0.784,0,9.6,7.37,4.07,8.72,7.09,7.38,1.35,8.75,7.83,7.86,0.02,39.57,0.8,
20170512,12-May-2017,0.256,0.744,0,9.57,7.35,5.52,7.79,7.16,7.38,1.36,8.74,8.37,7.98,0.02,38.71,0.87,
20170513,13-May-2017,0.375,0.625,0,9.99,7.26,10.19,8.86,7.23,7.37,1.27,8.75,8.43,8.21,0.03,39.06,0.83,
20170514,14-May-2017,0.307,0.693,0,9.97,7.25,12.33,9.74,7.29,7.37,1.3,8.7,8.46,7.96,0.03,39,0.8,
20170515,15-May-2017,0.385,0.615,0,8.89,7.27,7.67,10.11,7.37,7.37,1.33,8.67,8.39,8.11,0.02,38.33,0.8,
20170516,16-May-2017,0.396,0.604,0,8.79,7.29,6.15,10.24,7.4,7.37,1.26,8.66,8.36,8.07,0.02,37.74,0.8,
20170517,17-May-2017,0.414,0.586,0,7.99,7.31,4.82,10.55,7.37,7.37,1.22,8.61,8.21,8,0.03,38.16,0.79,
20170518,18-May-2017,0.358,0.642,0,7.92,7.31,3.26,10.4,7.35,7.36,1.21,8.59,7.86,8,0.02,38.66,0.78,
20170519,19-May-2017,0.3,0.7,0,8.13,7.29,2.57,9.88,7.23,7.36,1.2,8.54,7.67,8.12,0.02,38.2,0.77,
20170520,20-May-2017,0.2,0.8,0,8.17,7.26,2.56,9.45,7.26,7.37,1.16,8.54,6.73,7.83,0.03,38.78,0.86,
20170521,21-May-2017,0.169,0.831,0,8.11,7.3,2.46,9.09,7.3,7.37,1.13,8.54,7.08,7.93,0.03,38.9,0.92,
20170522,22-May-2017,0.221,0.779,0,8.27,7.29,2.48,8.81,7.33,7.37,1.14,8.48,7.26,8.03,0.03,39.51,0.9,
20170523,23-May-2017,0.286,0.714,0,8.8,7.24,2.85,8.02,7.35,7.37,1.15,8.44,7.43,7.95,0.02,40.37,0.86,
20170524,24-May-2017,0.327,0.673,0,8.54,7.29,6.39,9.25,7.5,7.38,1.11,8.5,7.7,7.89,0.03,39.47,0.84,
20170525,25-May-2017,0.192,0.808,0,8.28,7.5,11.66,10.18,7.56,7.37,1.19,8.45,7.56,7.94,0.03,38.79,0.82,
20170526,26-May-2017,0.333,0.667,0,8.74,7.52,22.13,9.91,7.54,7.37,1.2,8.39,8.04,8.02,0.03,39,0.82,
20170527,27-May-2017,0.386,0.614,0,8.36,7.51,15.38,10.33,7.57,7.37,1.18,8.35,8.06,8.09,0.03,40.57,0.76,
20170528,28-May-2017,0.391,0.609,0,8.59,7.47,11.56,10.28,7.62,7.36,1.18,8.33,8.18,8.1,0.03,40.38,0.78,
20170529,29-May-2017,0.312,0.688,0,8.15,7.49,11.36,10.53,7.64,7.35,1.19,8.28,7.86,7.96,0.03,39.9,0.85,
20170530,30-May-2017,0.316,0.684,0,8.46,7.58,15.66,10.66,8.03,7.29,1.19,8.23,7.93,7.93,0.03,38.66,0.88,
20170531,31-May-2017,0.327,0.673,0,9.13,7.65,18.48,10.53,8.43,7.21,1.17,8.19,8.04,7.95,0.03,39.13,0.85,
20170601,01-Jun-2017,0.337,0.663,0,9.7,7.6,8.26,10.31,8.46,7.2,1.16,8.16,8.28,8.12,0.03,40.51,0.83,
20170602,02-Jun-2017,0.311,0.689,0,9.57,7.56,9.19,10.4,8.47,7.2,1.22,8.11,8.25,7.93,0.03,37.67,0.83,
20170603,03-Jun-2017,0.334,0.666,0,9.43,7.55,6.26,10.45,8.5,7.26,1.17,8.07,8.24,7.99,0.03,37.83,0.82,
20170604,04-Jun-2017,0.325,0.675,0,9.79,7.52,6.92,10.31,8.56,7.29,1.27,7.96,8.33,7.97,0.03,38.36,0.84,
20170605,05-Jun-2017,0.336,0.664,0,10.54,7.44,11.41,10.05,8.4,7.29,1.19,7.97,8.59,8.09,0.03,37.95,0.83,
20170606,06-Jun-2017,0.323,0.677,0,9.59,7.37,15.17,10.52,8.33,7.28,1.21,7.9,8.39,8.01,0.04,36.75,0.81,
20170607,07-Jun-2017,0.331,0.669,0,9.75,7.31,9.52,10.48,8.34,7.29,1.16,7.91,8.35,8.02,0.04,37.67,0.79,
20170608,08-Jun-2017,0.324,0.676,0,10.05,7.21,12.28,10.26,8.4,7.28,1.11,7.85,8.44,7.93,0.03,36.99,0.83,
20170609,09-Jun-2017,0.298,0.702,0,10.18,7.2,14.05,10.22,8.4,7.27,1.08,7.8,8.42,7.97,0.03,37.16,0.86,
20170610,10-Jun-2017,0.285,0.715,0,10.06,7.18,18.95,10.22,8.46,7.26,1.11,7.74,8.25,8.06,0.03,37.97,0.85,
20170611,11-Jun-2017,0.313,0.687,0,11.04,7.13,16.68,9.95,8.47,7.26,1.12,7.67,8.66,7.99,0.03,38.1,0.82,
20170612,12-Jun-2017,0.347,0.653,0,10.88,7.13,14.54,10.05,8.53,7.27,1.09,7.66,8.8,8.06,0.03,38.12,0.82,
20170613,13-Jun-2017,0.326,0.674,0,10.75,7.21,13.16,10.07,8.51,7.27,1.1,7.66,8.75,7.97,0.03,38.51,0.82,
20170614,14-Jun-2017,0.245,0.755,0,9.61,7.26,10.32,10.14,8.65,7.26,1.04,7.65,8.21,8.06,0.03,38.87,0.86,
20170615,15-Jun-2017,0.35,0.65,0,10.67,7.27,12.76,10.18,8.75,7.25,0.99,7.58,8.68,7.96,0.03,38.6,0.83,
20170616,16-Jun-2017,0.388,0.612,0,11.67,7.26,7.22,9.93,8.79,7.25,0.97,7.54,9.04,8.06,0.03,37.48,0.8,
20170617,17-Jun-2017,0.393,0.607,0,11.55,7.17,6.84,8.7,8.81,7.25,0.95,7.53,9.32,8.04,0.03,38.2,0.84,
20170618,18-Jun-2017,0.362,0.638,0,11.15,7.16,4.62,8.89,8.8,7.26,0.91,7.52,9.07,8.01,0.03,38.74,0.85,
20170619,19-Jun-2017,0.278,0.722,0,11.66,7.15,6.12,9.72,8.86,7.26,0.94,7.49,9.09,7.96,0.03,38.08,0.87,
20170620,20-Jun-2017,0.344,0.656,0,12.04,7.16,6.07,9.75,8.95,7.25,0.89,7.96,9.51,7.99,0.03,37.6,0.85,
20170621,21-Jun-2017,0.368,0.632,0,12.72,7.14,5.09,9.55,8.99,7.25,0.88,8.38,9.89,8.01,0.03,39.19,0.84,
20170622,22-Jun-2017,0.371,0.629,0,13,7.15,5.38,9.68,9.03,7.24,0.9,8.31,9.85,7.95,0.03,39.4,0.84,
20170623,23-Jun-2017,0.383,0.617,0,12.44,7.14,3.53,9.59,9.01,7.24,0.9,8.24,10.07,7.98,0.03,39.01,0.91,
20170624,24-Jun-2017,0.384,0.616,0,12.14,7.15,3.68,9.73,8.97,7.24,0.9,8.2,9.89,7.88,0.03,38.05,0.96,
20170625,25-Jun-2017,0.378,0.622,0,12.44,7.16,3.39,9.65,8.97,7.25,0.87,8.19,9.99,7.91,0.03,37.63,0.92,
20170626,26-Jun-2017,0.389,0.611,0,12.64,7.18,3.6,9.58,8.99,7.24,0.83,8.14,10.04,8.01,0.03,38.6,0.85,
20170627,27-Jun-2017,0.384,0.616,0,13.09,7.2,3.5,9.35,8.99,7.24,0.85,8.09,10.24,7.91,0.02,39.02,0.84,
20170628,28-Jun-2017,0.385,0.615,0,12.9,7.22,2.49,9.11,9.07,7.15,0.83,8.07,10.19,7.92,0.03,39.04,0.86,
20170629,29-Jun-2017,0.412,0.588,0,12.41,7.19,1.36,9.06,9.03,7.05,0.84,8.07,10.46,8.04,0.03,38.71,0.85,
20170630,30-Jun-2017,0.422,0.578,0,11.9,7.16,2.57,9.12,9,7.05,0.83,8.01,10.45,8,0.03,37.83,0.84,
20170701,01-Jul-2017,0.422,0.578,0,13.31,7.35,2.65,9.39,9.04,7.04,0.83,7.95,10.68,8,0.03,38.18,0.84,
20170702,02-Jul-2017,0.422,0.578,0,13.64,7.35,2.41,9.32,9.09,7.04,0.85,7.89,10.76,7.9,0.03,37.82,0.82,
20170703,03-Jul-2017,0.421,0.579,0,12.69,7.24,2.45,9.55,8.77,7.04,0.84,7.85,10.51,7.92,0.03,37.83,0.84,
20170704,04-Jul-2017,0.384,0.616,0,11.38,7.13,1.57,8.77,8.66,7.04,0.88,7.79,10.52,7.91,0.03,38.41,0.82,
20170705,05-Jul-2017,0.354,0.646,0,11.47,7.31,1.79,8.74,8.69,7.15,0.89,7.75,10.29,8.05,0.03,39.31,0.83,
20170706,06-Jul-2017,0.334,0.666,0,12.08,7.32,1.82,8.59,8.74,7.2,0.89,7.74,10.46,7.96,0.03,38.59,0.84,
20170707,07-Jul-2017,0.458,0.542,0,13.52,7.31,2.25,9.43,8.72,7.2,0.93,7.67,11.29,7.94,0.02,38.73,0.81,
20170708,08-Jul-2017,0.443,0.557,0,13.54,7.35,1.36,9.32,8.74,7.2,0.95,7.6,11.11,7.99,0.02,39.28,0.81,
20170709,09-Jul-2017,0.476,0.524,0,14.03,7.36,1.92,9.47,8.78,7.2,0.95,7.59,11.39,8,0.02,39.27,0.8,
20170710,10-Jul-2017,0.477,0.523,0,13.78,7.36,2.51,9.69,8.8,7.19,0.96,7.49,11.42,7.95,0.02,39.07,0.81,
20170711,11-Jul-2017,0.471,0.529,0,14.3,7.36,2.45,9.51,8.81,7.19,1.04,7.45,11.49,7.96,0.02,39.04,0.81,
20170712,12-Jul-2017,0.447,0.553,0,14.58,7.32,2.79,9.49,8.8,7.18,1.07,7.35,11.74,7.98,0.02,38.81,0.84,
20170713,13-Jul-2017,0.486,0.514,0,13.59,7.29,3.15,9.92,8.78,7.19,1.03,7.39,11.43,7.99,0.02,38.93,0.82,
20170714,14-Jul-2017,0.51,0.49,0,15.11,7.31,3.19,9.71,8.85,7.19,1.04,7.31,12.1,8,0.02,38.7,0.82,
20170715,15-Jul-2017,0.533,0.467,0,15.49,7.33,2.57,9.64,8.88,7.18,1.06,7.25,12.59,7.94,0.02,39.1,0.81,
20170716,16-Jul-2017,0.514,0.486,0,15.55,7.34,2.73,9.56,8.91,7.18,1.07,7.19,12.69,7.93,0.02,38.87,0.83,
20170717,17-Jul-2017,0.428,0.572,0,15.91,7.32,2.32,9.37,8.96,7.19,1.03,7.21,11.95,7.86,0.02,38.39,0.84,
20170718,18-Jul-2017,0.482,0.518,0,15,7.3,1.87,9.59,8.99,7.18,1.04,7.15,12,8,0.02,37.85,0.82,
20170719,19-Jul-2017,0.474,0.526,0,15.81,7.33,1.31,9.4,9.01,7.18,1.08,7.12,12.02,7.94,0.02,38.37,0.82,
20170720,20-Jul-2017,0.492,0.508,0,16.31,7.37,0.97,9.31,9.02,7.18,1.1,7.1,12.46,8,0.02,38.71,0.8,
20170721,21-Jul-2017,0.442,0.558,0,16.97,7.33,1.8,9.08,9.09,7.19,1.15,7.01,12.53,7.92,0.02,38.18,0.85,
20170722,22-Jul-2017,0.493,0.507,0,15.84,7.31,2.25,9.46,9.07,7.2,1.17,6.97,12.35,7.99,0.02,38.53,0.88,
20170723,23-Jul-2017,0.488,0.512,0,16.14,7.29,2.29,9.43,9.12,7.2,1.18,6.9,12.44,8.01,0.02,39.09,0.87,
20170724,24-Jul-2017,0.482,0.518,0,15.7,7.28,2.05,9.55,9.12,7.2,1.21,6.86,12.22,8.02,0.02,39.37,0.83,
20170725,25-Jul-2017,0.503,0.497,0,15.66,7.29,2.19,9.57,9.15,7.19,1.26,6.74,12.41,7.97,0.02,39.19,0.8,
20170726,26-Jul-2017,0.594,0.406,0,15.23,7.29,2.31,9.76,9.14,7.2,1.27,6.69,12.64,8.17,0.02,38.55,0.85,
20170727,27-Jul-2017,0.655,0.345,0,15.68,7.3,6.21,9.67,9.15,7.19,1.35,6.63,13.59,8.02,0.02,39.04,0.85,
20170728,28-Jul-2017,0.56,0.44,0,16.74,7.25,2.85,9.39,9.15,7.19,1.37,6.64,13.64,7.94,0.02,39.62,0.8,
20170729,29-Jul-2017,0.535,0.465,0,16.95,7.21,2.2,9.2,9.2,7.19,1.37,6.61,13.49,7.99,0.02,39.04,0.79,
20170730,30-Jul-2017,0.482,0.518,0,15.57,7.26,2.39,9.64,9.16,7.19,1.51,6.55,12.6,7.88,0.02,39.15,0.83,
20170731,31-Jul-2017,0.448,0.552,0,15.73,7.24,3.1,8.92,9.15,7.18,1.51,6.52,12.07,7.95,0.02,38.08,0.83,
20170801,01-Aug-2017,0.488,0.512,0,15.36,7.5,2.77,8.62,9.38,7.18,1.79,6.58,12.4,8.04,0.02,38.73,0.79,
20170802,02-Aug-2017,0.477,0.523,0,15.66,7.58,2.57,8.53,9.51,7.18,2.06,6.51,12.21,7.94,0.02,38.11,0.82,
20170803,03-Aug-2017,0.49,0.51,0,12.32,7.28,1.53,7.17,9.42,7.18,1.99,6.46,12.35,7.97,0.02,37.54,0.8,
20170804,04-Aug-2017,0.612,0.388,0,14.43,7.53,2.24,8.48,9.38,7.17,2.22,6.35,12.32,8.01,0.02,37.58,0.83,
20170805,05-Aug-2017,0.626,0.374,0,15.2,7.62,1.93,8.6,9.39,7.17,2.16,6.32,13.05,7.98,0.02,38.58,0.81,
20170806,06-Aug-2017,0.644,0.356,0,15.18,7.61,2.19,8.47,9.39,7.17,2.2,6.18,13.57,7.85,0.02,38.94,0.79,
20170807,07-Aug-2017,0.645,0.355,0,14.41,7.59,1.79,8.46,9.29,7.17,2.13,6.06,13.1,8.01,0.02,38.59,0.81,
20170808,08-Aug-2017,0.399,0.601,0,12.01,7.32,1.47,7.52,8.94,7.17,3.73,6,11.7,7.85,0.03,38.09,0.83,
20170809,09-Aug-2017,0.412,0.588,0,12.82,7.4,2.36,7.83,8.8,7.16,2.26,5.91,10.79,8.03,0.02,38.32,0.79,
20170810,10-Aug-2017,0.511,0.489,0,14,7.64,2.3,8.89,8.8,7.15,2.35,5.81,11.7,8.01,0.02,38.86,0.8,
20170811,11-Aug-2017,0.479,0.521,0,14.23,7.72,5.41,8.68,8.83,7.13,2.4,5.73,11.75,7.9,0.03,38.26,0.78,
20170812,12-Aug-2017,0.491,0.509,0,15.26,7.68,2.5,8.45,8.87,7.11,2.41,5.71,12.17,7.96,0.02,38.48,0.8,
20170813,13-Aug-2017,0.491,0.509,0,15.52,7.68,1.9,8.4,8.88,7.12,2.56,5.66,12.36,7.89,0.02,38.74,0.79,
20170814,14-Aug-2017,0.469,0.531,0,15.21,7.69,1.45,8.43,8.82,7.12,3.2,5.58,12.25,7.88,0.02,39.32,0.82,
20170815,15-Aug-2017,0.49,0.51,0,14.99,7.69,1.7,8.45,8.78,7.12,2.92,5.58,11.99,8.01,0.02,39.35,0.8,
20170816,16-Aug-2017,0.511,0.489,0,15.16,7.68,1.45,8.43,8.78,7.13,2.91,5.54,12.33,7.94,0.02,38.96,0.75,
20170817,17-Aug-2017,0.523,0.477,0,14.62,7.7,1.13,8.63,8.84,7.13,2.8,5.55,12.37,7.97,0.02,38.05,0.8,
20170818,18-Aug-2017,0.433,0.567,0,15.6,7.69,1.15,8.36,8.85,7.13,2.92,5.47,11.97,7.8,0.02,38.27,0.85,
20170819,19-Aug-2017,0.44,0.56,0,16.93,7.72,1.17,8.06,8.91,7.13,2.86,5.43,12.22,7.96,0.02,38.35,0.89,
20170820,20-Aug-2017,0.419,0.581,0,17.16,7.75,1.06,8.02,8.95,7.13,2.88,5.37,12.6,7.89,0.02,38.44,0.84,
20170821,21-Aug-2017,0.461,0.539,0,16.13,7.77,0.97,8.36,8.96,7.14,2.8,5.38,12.49,8.02,0.02,38.21,0.8,
20170822,22-Aug-2017,0.491,0.509,0,15.86,7.72,0.87,8.5,9.47,7.15,2.59,5.33,12.4,7.86,0.02,37.93,0.8,
20170823,23-Aug-2017,0.45,0.55,0,17.23,7.73,1.02,8.14,9.58,7.14,2.54,6.23,12.85,7.94,0.02,38.16,0.84,
20170824,24-Aug-2017,0.455,0.545,0,15.68,7.77,0.97,8.54,9.56,7.13,2.65,6.52,12.45,8.02,0.02,38.2,0.84,
20170825,25-Aug-2017,0.486,0.514,0,15.82,7.77,1.05,8.51,9.58,7.13,2.79,6.43,12.51,7.99,0.02,38.04,0.84,
20170826,26-Aug-2017,0.416,0.584,0,16.16,7.75,0.95,8.48,9.61,7.13,2.71,6.42,12.19,7.89,0.02,38.24,0.83,
20170827,27-Aug-2017,0.478,0.522,0,17.07,7.75,0.93,8.31,9.65,7.13,2.76,6.37,12.99,7.99,0.02,38.21,0.8,
20170828,28-Aug-2017,0.443,0.557,0,17.51,7.76,0.86,8.17,9.7,7.14,2.73,6.32,12.92,7.93,0.02,37.98,0.8,
20170829,29-Aug-2017,0.446,0.554,0,17.28,7.76,0.83,8.18,9.72,7.14,2.67,6.29,13.1,8.04,0.02,38.63,0.81,
20170830,30-Aug-2017,0.438,0.562,0,17.12,7.78,0.82,8.24,9.76,7.14,2.79,6.2,12.9,8.04,0.02,38.58,0.82,
20170831,31-Aug-2017,0.478,0.522,0,16.32,7.78,0.79,8.4,9.72,7.15,2.84,6.15,12.89,7.99,0.02,38.1,0.79,
20170901,01-Sep-2017,0.471,0.529,0,16.77,7.79,0.87,8.3,9.74,7.16,2.71,6.18,12.9,8,0.02,37.48,0.81,
20170902,02-Sep-2017,0.48,0.52,0,17.13,7.75,0.93,8.26,9.79,7.16,2.66,6.15,13.14,8.04,0.02,37.87,0.83,
20170903,03-Sep-2017,0.491,0.509,0,17.57,7.77,0.88,8.14,9.85,7.16,2.81,6.02,13.4,7.85,0.02,38.16,0.82,
20170904,04-Sep-2017,0.458,0.542,0,17.24,7.78,0.88,8.23,9.9,7.16,2.81,6.01,13.25,7.84,0.02,38.69,0.83,
20170905,05-Sep-2017,0.452,0.548,0,16.36,7.79,0.79,8.48,9.88,7.17,2.82,5.95,12.79,7.97,0.02,37.76,0.84,
20170906,06-Sep-2017,0.447,0.553,0,15.07,7.74,0.78,8.72,9.88,7.17,2.79,5.92,12.33,7.97,0.02,39.44,0.8,
20170907,07-Sep-2017,0.48,0.52,0,15.86,7.7,0.78,8.5,9.89,7.17,2.82,5.85,12.58,7.92,0.02,39.51,0.83,
20170908,08-Sep-2017,0.466,0.534,0,15.54,7.71,0.76,8.58,9.9,7.17,2.8,5.83,12.59,7.82,0.02,38.29,0.82,
20170909,09-Sep-2017,0.466,0.534,0,15.57,7.7,0.85,8.55,9.9,7.17,2.8,5.78,12.39,7.87,0.02,38.28,0.83,
20170910,10-Sep-2017,0.537,0.463,0,15.57,7.67,0.87,8.54,9.91,7.17,3.06,5.62,13.09,7.95,0.02,38.38,0.82,
20170911,11-Sep-2017,0.415,0.585,0,15.96,7.68,1.1,8.49,9.96,7.17,3.16,5.84,12.26,7.93,0.02,38.31,0.82,
20170912,12-Sep-2017,0.478,0.522,0,16.32,7.66,3.22,8.33,10,7.17,3.01,6.03,12.94,8,0.02,38.23,0.79,
20170913,13-Sep-2017,0.453,0.547,0,15.87,7.62,2.68,8.38,10.08,7.17,2.92,5.99,12.66,7.89,0.02,37.85,0.81,
20170914,14-Sep-2017,0.514,0.486,0,15.34,7.61,2.06,8.24,10.1,7.17,3.03,5.87,12.84,8.04,0.02,38.24,0.82,
20170915,15-Sep-2017,0.469,0.531,0,15.13,7.64,1.67,8.51,10.16,7.16,2.83,5.72,12.52,7.92,0.02,38.56,0.86,
20170916,16-Sep-2017,0.446,0.554,0,14.37,7.6,0.89,8.53,10.19,7.16,2.68,5.68,12.29,8.03,0.02,39.14,0.85,
20170917,17-Sep-2017,0.529,0.471,0,13.32,7.66,0.95,8.99,10.13,7.16,2.96,5.54,11.94,7.91,0.02,38.95,0.85,
20170918,18-Sep-2017,0.478,0.522,0,13.34,7.72,0.8,9.01,9.96,7.16,2.98,5.52,11.35,7.91,0.02,38.45,0.9,
20170919,19-Sep-2017,0.384,0.616,0,12.2,7.66,0.82,7.34,9.9,7.17,2.91,5.47,10.91,7.84,0.02,38.2,0.83,
20170920,20-Sep-2017,0.351,0.649,0,,,,,10.23,7.16,2.85,5.32,10.66,7.94,0.02,38.46,0.79,
20170921,21-Sep-2017,0.338,0.662,0,,,,,10.21,7.16,2.97,5.19,10.45,7.96,0.02,38.92,0.8,
20170922,22-Sep-2017,0.362,0.638,0,,,,,10.23,7.16,2.97,5.12,10.68,8.01,0.02,38.98,0.8,
20170923,23-Sep-2017,0.379,0.621,0,,,,,10.2,7.16,3.08,5.01,10.67,7.88,0.02,38.91,0.82,
20170924,24-Sep-2017,0.601,0.399,0,,,,,10.06,7.16,3.21,4.89,10.43,7.97,0.02,38.26,0.8,
20170925,25-Sep-2017,0.497,0.503,0,10.48,7.16,2.83,6.49,10.08,7.16,3.32,4.82,9.91,7.85,0.02,38.29,0.81,
20170926,26-Sep-2017,0.497,0.503,0,,,,,10.02,,3.21,4.77,9.77,7.99,0.02,40.47,0.82,
20170927,27-Sep-2017,0.429,0.571,0,,,,,10.01,6.95,3.05,4.07,9.98,7.92,0.02,39.85,0.81,
20170928,28-Sep-2017,0.552,0.448,0,,,,,9.95,6.95,2.91,3.63,9.74,8.08,0.02,38.98,0.81,
20170929,29-Sep-2017,0.413,0.587,0,,,,,9.97,6.94,2.82,3.5,9.62,7.93,0.03,39.38,0.81,
20170930,30-Sep-2017,0.266,0.734,0,,,,,10,6.95,2.72,3.49,9.7,7.9,0.02,39.91,0.82,
20171001,01-Oct-2017,0.257,0.743,0,,,,,10.1,6.95,2.7,3.4,9.75,7.94,0.03,40.31,0.82,
20171002,02-Oct-2017,0.338,0.662,0,,,,,10.12,6.94,2.7,3.12,9.72,7.93,0.03,39.27,0.8,
20171003,03-Oct-2017,0.315,0.685,0,,,,,10.06,6.94,2.65,3.36,9.16,7.77,0.03,39.14,0.8,
20171004,04-Oct-2017,0.272,0.728,0,,,,,10.08,6.94,2.63,3.8,8.72,7.85,0.03,39.7,0.78,
20171005,05-Oct-2017,0.268,0.732,0,,,,,10.16,6.94,2.68,3.71,9.17,7.95,0.03,40.26,0.81,
20171006,06-Oct-2017,0.313,0.687,0,,,,,10.23,6.94,2.64,3.67,9.79,8.01,0.03,39.63,0.8,
20171007,07-Oct-2017,0.386,0.614,0,,,,,10.32,6.94,2.67,3.39,9.97,8.01,0.03,38.89,0.78,
20171008,08-Oct-2017,0.368,0.632,0,,,,,10.35,6.94,2.72,3.29,9.65,8,0.03,38.98,0.78,
20171009,09-Oct-2017,0.285,0.715,0,,,,,10.44,6.94,2.79,3.3,9.79,7.99,0.03,39,0.81,
20171010,10-Oct-2017,0.353,0.647,0,,,,,10.33,6.94,2.84,3.67,9.04,7.92,0.03,38.75,0.83,
20171011,11-Oct-2017,0.378,0.622,0,,,,,10.33,6.93,3.02,3.81,8.39,8.02,0.03,38.71,0.8,
20171012,12-Oct-2017,0.339,0.661,0,,,,,10.37,6.93,3.33,3.81,8.63,8.02,0.03,38.77,0.81,
20171013,13-Oct-2017,0.331,0.669,0,,,,,10.45,6.94,3.49,3.74,8.94,8.06,0.02,38.06,0.82,
20171014,14-Oct-2017,0.308,0.692,0,,,,,10.54,6.94,3.58,3.63,9.33,8.01,0.02,38.25,0.83,
20171015,15-Oct-2017,0.329,0.671,0,,,,,10.55,6.94,3.47,3.61,9.19,7.96,0.02,38.51,0.82,
20171016,16-Oct-2017,0.376,0.624,0,,,,,10.28,6.94,3.58,3.54,8.57,8.04,0.02,39.85,0.82,
20171017,17-Oct-2017,0.366,0.634,0,,,,,10.19,6.95,3.53,3.53,8.58,7.94,0.02,38.36,0.84,
20171018,18-Oct-2017,0.49,0.51,0,11.87,7.98,3.66,7.4,10.33,6.96,3.45,3.59,9.33,7.97,0.02,38.63,0.88,
20171019,19-Oct-2017,0.726,0.274,0,8.49,8.02,2.75,12.96,10.35,6.97,3.27,3.43,9.37,7.95,0.02,38.06,0.81,
20171020,20-Oct-2017,0.784,0.216,0,8.07,8,1.16,11.69,10.37,,3.15,3.44,8.72,7.95,0.02,37.37,0.79,
20171021,21-Oct-2017,0.731,0.269,0,7.71,7.91,1.18,11.78,10.64,,2.92,4.04,9,8.03,0.02,38.12,0.83,
20171022,22-Oct-2017,0.736,0.264,0,6.13,7.86,1.71,12.59,10.87,,3.01,4.52,8.03,8.11,0.02,38.37,0.83,
20171023,23-Oct-2017,0.934,0.066,0,6.56,7.79,1.6,10.8,11.57,6.93,3.14,5.96,7.29,7.96,0.02,38.56,0.87,
20171024,24-Oct-2017,1,0,0,5.85,7.78,2.42,10.58,,,,,6.37,7.92,0.02,38.29,0.85,
20171025,25-Oct-2017,1,0,0,6.17,7.72,3.61,10.31,,,,,6.52,8.02,0.03,39.12,0.81,
20171026,26-Oct-2017,1,0,0,6.55,7.69,4.14,10.23,,,,,7.26,7.91,0.02,38.53,0.82,
20171027,27-Oct-2017,1,0,0,3.94,7.78,3.73,11.55,,,,,5.28,8.1,0.02,37.31,0.85,
20171028,28-Oct-2017,1,0,0,4.1,7.83,4.24,11.5,,,,,4.25,8.03,0.02,37.51,0.87,
20171029,29-Oct-2017,1,0,0,5.55,7.85,2.06,10.8,,,,,5.7,8.04,0.03,37.69,0.81,
20171030,30-Oct-2017,1,0,0,5.21,7.78,1.61,10.82,,,,,6.29,8.07,0.03,37.87,0.83,
20171031,31-Oct-2017,1,0,0,3.31,7.85,1.54,11.45,,,,,4.14,8,0.04,37.16,0.84,
20171101,01-Nov-2017,1,0,0,4.07,7.85,1.4,10.86,,,,,3.94,7.9,0.03,37.11,0.84,
20171102,02-Nov-2017,1,0,0,5.15,7.76,1.97,10.55,,,,,5.55,8,0.03,37.47,0.82,
20171103,03-Nov-2017,1,0,0,5.14,7.78,7.67,10.65,,,,,5.43,7.95,0.03,37.08,0.82,
20171104,04-Nov-2017,1,0,0,5.17,7.8,4.31,10.58,,,,,5.45,7.99,0.03,37.03,0.83,
20171105,05-Nov-2017,1,0,0,5.83,7.78,2.11,10.33,,,,,6.22,7.87,0.03,37.17,0.82,
20171106,06-Nov-2017,0.803,0.197,0,5.3,7.81,1.84,10.64,10.7,7.73,3.78,7.54,6.22,7.91,0.03,36.97,0.82,
20171107,07-Nov-2017,0.619,0.381,0,4.28,7.84,1.37,11.13,10.6,7.76,3.16,7.66,7.34,7.9,0.03,38.08,0.8,
20171108,08-Nov-2017,0.635,0.365,0,2.67,7.82,1.14,12.03,10.27,7.79,3.31,7.81,5.97,7.82,0.03,38.37,0.76,
20171109,09-Nov-2017,0.511,0.489,0,2.66,7.89,1.11,12.24,10.06,7.78,3.22,8.23,6.34,7.91,0.03,38.48,0.81,
20171110,10-Nov-2017,0.41,0.59,0,2.23,7.99,1.01,12.44,10.02,7.77,2.9,8.4,6.94,7.98,0.03,38.51,0.84,
20171111,11-Nov-2017,0.324,0.676,0,2.87,7.97,0.94,12.13,9.93,7.77,2.86,8.45,7.79,7.73,0.03,37.59,0.8,
20171112,12-Nov-2017,0.271,0.729,0,2.85,7.93,0.9,12.17,9.88,7.76,2.77,8.47,8.17,7.8,0.03,37.37,0.83,
20171113,13-Nov-2017,0.25,0.75,0,2.81,7.89,0.81,12.22,9.76,7.66,2.92,8.39,8.35,7.84,0.03,37.31,0.78,
20171114,14-Nov-2017,0.262,0.738,0,3.19,7.86,0.79,12.02,9.73,7.62,2.94,8.43,8.34,7.94,0.03,37.22,0.75,
20171115,15-Nov-2017,0.259,0.741,0,3.49,7.85,0.77,11.97,9.71,7.64,2.72,8.52,8.37,7.92,0.03,37.18,0.78,
20171116,16-Nov-2017,0.121,0.879,0,4.08,7.9,0.75,11.7,9.52,7.66,2.93,8.62,8.72,7.85,0.03,36.82,0.78,
20171117,17-Nov-2017,0,1,0,,,,,9.47,7.68,2.77,8.7,9.73,7.97,0.03,36.9,0.78,
20171118,18-Nov-2017,0,1,0,,,,,9.33,7.68,2.86,8.75,9.62,7.92,0.03,37.6,0.79,
20171119,19-Nov-2017,0,1,0,,,,,9.08,7.65,3.01,8.74,9.4,7.94,0.03,38.38,0.81,
20171120,20-Nov-2017,0,1,0,,,,,8.95,7.67,2.88,8.81,9.28,7.98,0.03,38.31,0.85,
20171121,21-Nov-2017,0,1,0,,,,,8.95,7.7,2.86,8.92,9.22,7.91,0.03,36.69,0.82,
20171122,22-Nov-2017,0,1,0,,,,,8.85,7.7,2.94,8.98,9.14,7.85,0.03,36.57,0.81,
20171123,23-Nov-2017,0,1,0,,,,,8.77,7.69,2.92,8.95,9.09,7.95,0.03,36.9,0.82,
20171124,24-Nov-2017,0,1,0,,,,,8.77,7.65,3.1,8.83,9.03,7.92,0.03,36.82,0.82,
20171125,25-Nov-2017,0,1,0,,,,,8.82,7.67,3.01,8.9,9.06,7.88,0.03,36.58,0.81,
20171126,26-Nov-2017,0,1,0,,,,,8.72,7.63,3.81,8.78,8.97,7.84,0.03,37.08,0.85,
20171127,27-Nov-2017,0,1,0,,,,,8.58,7.65,3.29,8.84,8.94,7.9,0.03,37.19,0.86,
20171128,28-Nov-2017,0,1,0,,,,,8.6,7.66,3.18,8.87,8.9,7.86,0.03,37.75,0.78,
20171129,29-Nov-2017,0,1,0,,,,,8.5,7.76,2.86,9.18,8.87,8.02,0.03,38.11,0.81,
20171130,30-Nov-2017,0,1,0,,,,,8.24,7.78,2.96,9.27,8.67,7.98,0.03,39.56,0.82,
20171201,01-Dec-2017,0,1,0,,,,,8.07,7.77,3.12,9.28,8.46,8.01,0.03,39.31,0.83,
20171202,02-Dec-2017,0,1,0,,,,,8.06,7.77,3.08,9.27,8.44,8.09,0.03,40.02,0.84,
20171203,03-Dec-2017,0,1,0,,,,,8.04,7.8,3.01,9.35,8.42,7.87,0.03,39.24,0.87,
20171204,04-Dec-2017,0,1,0,,,,,7.92,7.83,2.84,9.44,8.34,7.96,0.03,39.54,0.91,
20171205,05-Dec-2017,0,1,0,,,,,7.64,7.83,2.91,9.48,8.13,7.99,0.03,39.41,0.88,
20171206,06-Dec-2017,0,0.945,0.055,,,,,7.42,7.84,2.95,9.54,7.77,8.03,0.03,39.91,0.85,
20171207,07-Dec-2017,0,0.957,0.043,,,,,7.12,7.85,2.91,9.64,7.4,8.09,0.03,40.08,0.84,
20171208,08-Dec-2017,0,1,0,,,,,6.86,7.86,3.16,9.73,7.31,8.04,0.03,39.66,0.87,
20171209,09-Dec-2017,0,1,0,,,,,6.67,7.84,3.08,9.77,7.09,8.03,0.03,39.87,0.85,
20171210,10-Dec-2017,0,1,0,,,,,6.57,7.82,3.14,9.77,6.96,8,0.03,40.34,0.85,
20171211,11-Dec-2017,0,1,0,,,,,6.51,7.82,3.11,9.77,7,8,0.03,39.79,0.87,
20171212,12-Dec-2017,0,1,0,,,,,6.5,7.84,2.95,9.81,7.04,7.91,0.03,38.61,0.87,
20171213,13-Dec-2017,0,1,0,,,,,6.48,7.84,2.91,9.82,7.01,7.5,0.03,34.44,0.84,
20171214,14-Dec-2017,0,1,0,,,,,6.42,7.86,2.9,9.87,6.96,8.07,0.06,33.66,0.91,
20171215,15-Dec-2017,0,1,0,,,,,6.17,7.85,2.96,9.92,6.74,7.8,0.03,36.34,0.87,
20171216,16-Dec-2017,0,1,0,,,,,6.11,7.83,3.01,9.85,6.65,7.95,0.03,36.54,0.83,
20171217,17-Dec-2017,0,1,0,,,,,6.1,7.83,2.96,9.85,6.61,8.14,0.03,39.64,0.82,
20171218,18-Dec-2017,0,1,0,,,,,6.01,7.83,2.88,9.85,6.56,7.86,0.03,40.37,0.84,
20171219,19-Dec-2017,0,1,0,,,,,6.36,7.56,2.97,9.82,6.47,8.02,0.03,38.86,0.83,
20171220,20-Dec-2017,0.324,0.676,0,5.9,7.9,3.24,14.71,6.36,7.43,2.93,9.81,6.59,7.78,0.03,39.9,0.85,
20171221,21-Dec-2017,0.416,0.584,0,1.69,8.17,0.96,15.88,6.33,7.44,2.83,9.86,4.82,7.94,0.03,38.94,0.9,
20171222,22-Dec-2017,0.417,0.583,0,1.37,8.17,0.62,15.87,6.12,7.41,2.89,9.8,4.33,7.89,0.02,39.55,0.92,
20171223,23-Dec-2017,0.407,0.593,0,1.27,8.16,0.53,16.02,5.9,7.39,2.95,9.79,4.14,7.77,0.03,39.12,0.9,
20171224,24-Dec-2017,0.417,0.583,0,1.21,8.17,0.55,16.32,5.66,7.4,2.93,9.83,3.95,7.82,0.03,39.8,0.85,
20171225,25-Dec-2017,0.425,0.575,0,1.17,8.2,0.47,16.51,5.41,7.4,3.03,9.89,3.74,7.88,0.03,40.18,0.84,
20171226,26-Dec-2017,0.531,0.469,0,1.12,7.93,0.47,16.74,5.31,7.39,2.93,9.87,3.34,7.86,0.03,40.15,0.8,
20171227,27-Dec-2017,0.507,0.493,0,1.12,7.65,0.46,16.92,5.14,7.39,2.95,9.9,3.13,7.95,0.03,40.46,0.85,
20171228,28-Dec-2017,0.409,0.591,0,1.05,7.64,0.64,16.92,4.9,7.4,3.01,10.01,3.43,8.07,0.03,39.39,0.86,
20171229,29-Dec-2017,0.424,0.576,0,0.99,7.61,0.58,16.92,4.8,7.42,3.34,10.13,3.31,7.95,0.03,38.46,0.83,
20171230,30-Dec-2017,0.501,0.499,0,0.92,7.6,0.56,17.14,4.7,7.42,3.5,10.16,2.94,7.93,0.03,39.17,0.81,
20171231,31-Dec-2017,0.495,0.505,0,0.92,7.61,0.49,17.31,4.51,7.42,3.48,10.19,2.79,7.82,0.02,39.64,0.84,
20180101,01-Jan-2018,0.491,0.509,0,0.91,7.61,0.43,17.55,4.35,7.42,3.48,10.2,2.74,7.97,0.02,39.92,0.85,
20180102,02-Jan-2018,0.49,0.51,0,0.91,7.6,0.41,14.26,4.24,7.41,3.52,10.21,2.66,7.95,0.02,39.54,0.86,
20180103,03-Jan-2018,0.398,0.602,0,1.43,7.63,1.33,12.02,4.11,7.41,3.51,10.22,2.87,7.95,0.02,40.29,0.85,
20180104,04-Jan-2018,0.359,0.641,0,1.39,7.63,0.54,12.03,4.02,7.41,3.57,10.25,3.2,7.96,0.02,38.52,0.82,
20180105,05-Jan-2018,0.382,0.618,0,1.02,7.63,0.4,12.12,4.01,7.41,3.5,10.25,2.93,7.93,0.02,37.59,0.8,
20180106,06-Jan-2018,0.389,0.611,0,0.97,7.68,0.45,12.2,4.08,7.42,3.54,10.18,2.91,7.94,0.02,37.95,0.81,
20180107,07-Jan-2018,0.378,0.622,0,0.96,7.72,0.55,12.19,4.01,7.46,3.5,10.28,2.92,8,0.02,38.45,0.84,
20180108,08-Jan-2018,0.41,0.59,0,1.67,7.73,1.04,12.43,4.05,7.5,3.49,10.37,3.11,7.97,0.02,37.36,0.84,
20180109,09-Jan-2018,0.185,0.815,0,0.88,,0.81,12.18,4.01,7.51,3.57,10.37,3.28,8.01,0.03,37.46,0.79,
20180110,10-Jan-2018,0,1,0,,,,,3.87,7.54,3.71,10.6,4,8.05,0.03,38.5,0.8,
20180111,11-Jan-2018,0,1,0,,,,,3.87,7.53,3.69,10.55,4.01,7.94,0.03,37.82,0.83,
20180112,12-Jan-2018,0,1,0,,,,,3.84,7.53,3.7,10.56,4,7.92,0.02,37.88,0.83,
20180113,13-Jan-2018,0,1,0,,,,,3.74,7.53,3.71,10.58,3.92,7.96,0.02,38.37,0.8,
20180114,14-Jan-2018,0,1,0,,,,,3.73,7.52,3.71,10.54,3.89,8.08,0.02,38.45,0.79,
20180115,15-Jan-2018,0,1,0,,,,,3.72,7.52,3.71,10.53,3.9,8.01,0.02,38.37,0.78,
20180116,16-Jan-2018,0,1,0,,,,,3.59,7.52,3.67,10.44,3.73,7.96,0.02,39.08,0.82,
20180117,17-Jan-2018,0,1,0,,,,,3.6,7.51,3.63,10.34,3.77,7.93,0.03,39.39,0.84,
20180118,18-Jan-2018,0,1,0,,,,,3.63,7.5,3.64,10.28,3.81,7.9,0.03,38.54,0.81,
20180119,19-Jan-2018,0.164,0.836,0,3.67,8.08,1.63,13.39,3.64,7.5,3.6,10.28,3.94,7.93,0.03,38.69,0.78,
20180120,20-Jan-2018,0.339,0.661,0,1.34,8.3,0.65,13.43,3.7,7.48,3.63,10.19,3.27,8.03,0.02,39.42,0.8,
20180121,21-Jan-2018,0.362,0.638,0,1.09,8.28,0.54,12.89,3.59,7.5,3.55,10.3,2.99,8.02,0.02,40.56,0.84,
20180122,22-Jan-2018,0.406,0.594,0,0.73,7.72,0.46,12.28,3.28,7.55,3.64,10.54,2.63,7.99,0.02,40.8,0.85,
20180123,23-Jan-2018,0.428,0.572,0,0.45,7.78,0.65,11.83,3.28,7.54,3.56,10.5,2.5,7.93,0.02,39.53,0.86,
20180124,24-Jan-2018,0.434,0.566,0,0.33,7.72,0.48,11.85,3.22,7.54,3.54,10.52,2.32,8.06,0.02,39.47,0.8,
20180125,25-Jan-2018,0.574,0.426,0,0.28,7.67,0.7,11.85,3.28,7.54,3.55,10.48,2.15,7.83,0.02,39.36,0.8,
20180126,26-Jan-2018,0.73,0.27,0,0.19,7.66,0.6,11.9,3.1,7.57,3.57,10.67,1.51,7.96,0.02,39.94,0.88,
20180127,27-Jan-2018,0.706,0.294,0,0.18,7.63,0.47,12.11,3.07,7.56,3.56,10.62,1.49,8.01,0.03,39.2,0.87,
20180128,28-Jan-2018,0.709,0.291,0,0.17,7.63,0.46,12.18,3.02,7.56,3.56,10.61,1.47,7.93,0.03,38.87,0.87,
20180129,29-Jan-2018,0.702,0.298,0,0.18,7.63,0.46,12.31,3.03,7.56,3.55,10.62,1.47,7.99,0.02,39.39,0.87,
20180130,30-Jan-2018,0.689,0.311,0,0.13,7.69,0.49,12.28,3,7.58,3.56,10.74,1.48,8.06,0.03,39.22,0.87,
20180131,31-Jan-2018,0.611,0.389,0,0.2,7.68,0.47,12.26,3.01,7.58,3.58,10.76,1.64,8.03,0.02,38.67,0.84,
20180201,01-Feb-2018,0.604,0.396,0,0.14,7.6,0.47,12.33,2.97,7.57,3.6,10.73,1.64,7.92,0.02,38.74,0.81,
20180202,02-Feb-2018,0.624,0.376,0,0.16,7.62,0.45,12.43,2.9,7.57,3.6,10.72,1.6,7.98,0.03,39.72,0.79,
20180203,03-Feb-2018,0.65,0.35,0,0.16,7.68,0.46,12.44,2.87,7.57,3.61,10.78,1.55,7.93,0.02,39.28,0.82,
20180204,04-Feb-2018,0.513,0.487,0,0.34,7.67,0.47,12.47,2.91,7.57,3.58,10.8,1.88,7.95,0.02,38.98,0.82,
20180205,05-Feb-2018,0.662,0.338,0,0.19,7.67,0.47,12.6,2.87,7.58,3.57,10.83,1.52,7.77,0.02,38.91,0.84,
20180206,06-Feb-2018,0.643,0.357,0,0.19,7.66,0.45,12.72,2.87,7.58,2.92,10.84,1.56,7.95,0.03,39.07,0.89,
20180207,07-Feb-2018,0.659,0.341,0,0.2,7.66,0.45,12.87,2.89,7.58,2.42,10.82,1.53,7.99,0.02,40.08,0.88,
20180208,08-Feb-2018,0.646,0.354,0,0.17,7.69,0.47,12.91,2.89,7.58,2.42,10.82,1.57,7.93,0.02,40.45,0.9,
20180209,09-Feb-2018,0.647,0.353,0,0.22,7.66,0.49,12.84,2.94,7.58,2.5,10.84,1.58,7.86,0.03,39.18,0.87,
20180210,10-Feb-2018,0.597,0.403,0,0.18,7.64,1.05,13.07,2.89,7.58,2.49,10.83,1.59,7.93,0.02,39.25,0.85,
20180211,11-Feb-2018,0.638,0.362,0,0.39,7.64,0.68,13.35,2.86,7.57,2.47,10.82,1.55,7.97,0.02,39.73,0.83,
20180212,12-Feb-2018,0.661,0.339,0,0.35,7.67,0.46,13.26,2.86,7.55,2.46,10.79,1.48,7.96,0.02,39.89,0.82,
20180213,13-Feb-2018,0.656,0.344,0,0.14,7.7,0.47,13.29,2.85,7.54,2.44,10.75,1.49,7.98,0.02,37.85,0.82,
20180214,14-Feb-2018,0.634,0.366,0,0.13,7.7,0.62,13.37,2.82,7.54,2.4,10.74,1.54,8.07,0.02,37.95,0.82,
20180215,15-Feb-2018,0.65,0.35,0,0.21,7.68,0.55,13.35,2.82,7.56,2.4,10.83,1.68,7.95,0.02,38.4,0.81,
20180216,16-Feb-2018,0.652,0.348,0,0.22,7.67,0.45,13.58,2.79,7.57,2.35,10.89,1.51,7.9,0.02,37.08,0.82,
20180217,17-Feb-2018,0.662,0.338,0,0.23,7.69,0.48,13.52,2.74,7.59,2.38,10.93,1.49,8,0.02,37.16,0.83,
20180218,18-Feb-2018,0.648,0.352,0,0.44,7.72,0.49,13.39,2.82,7.59,2.38,10.92,1.54,7.94,0.02,37.75,0.82,
20180219,19-Feb-2018,0.63,0.37,0,0.34,7.68,0.55,13.51,2.92,7.58,2.42,10.92,1.8,8.02,0.02,38.15,0.81,
20180220,20-Feb-2018,0.665,0.335,0,0.14,7.67,0.52,13.84,2.76,7.56,2.4,10.88,1.49,7.97,0.02,38.34,0.82,
20180221,21-Feb-2018,0.664,0.336,0,0.14,7.7,0.35,13.11,2.69,7.56,2.4,10.86,1.46,7.96,0.02,40.13,0.83,
20180222,22-Feb-2018,0.643,0.357,0,0.14,7.74,0.45,11.9,2.68,7.56,2.35,8.06,1.47,7.99,0.02,39.39,0.83,
20180223,23-Feb-2018,0.669,0.331,0,0.11,7.71,0.46,11.92,2.71,7.54,2.32,10.54,1.5,7.95,0.02,39.28,0.82,
20180224,24-Feb-2018,0.702,0.298,0,0.09,7.7,0.42,11.9,2.71,7.53,2.29,10.6,1.29,8.06,0.02,39.17,0.82,
20180225,25-Feb-2018,0.681,0.319,0,0.09,7.72,0.41,12.03,2.71,7.52,2.27,10.55,1.38,8,0.02,39.26,0.81,
20180226,26-Feb-2018,0.924,0.076,0,0.18,7.73,0.45,12.11,14.36,7.01,1.23,7.67,1.07,7.93,0.02,39.08,0.82,
20180227,27-Feb-2018,1,0,0,0.19,7.71,0.5,12.12,18.04,6.86,0.95,8.21,0.69,8.13,0.02,38.66,0.86,
20180228,28-Feb-2018,0.787,0.213,0,0.16,7.67,0.52,12.18,2.79,7.49,2.19,10.48,1.6,8.07,0.02,38.09,0.85,
20180301,01-Mar-2018,0.7,0.3,0,0.17,7.67,0.55,12.24,2.79,7.51,2.06,10.67,2.28,8.05,0.02,38.38,0.82,
20180302,02-Mar-2018,0.638,0.362,0,0.26,7.67,0.53,12.21,2.8,7.58,1.97,10.96,2.49,7.88,0.02,38.06,0.81,
20180303,03-Mar-2018,0.707,0.293,0,0.36,7.66,0.75,12.19,2.87,7.6,1.96,11.01,2.45,7.78,0.02,38.72,0.82,
20180304,04-Mar-2018,0.741,0.259,0,0.86,7.62,0.59,12.05,2.99,7.62,1.94,11.04,2.54,7.7,0.02,38.6,0.85,
20180305,05-Mar-2018,0.655,0.345,0,0.77,7.57,0.61,12.24,2.98,7.63,2.02,11.04,2.21,7.65,0.02,39.17,0.84,
20180306,06-Mar-2018,0.67,0.33,0,0.41,7.76,0.59,12.1,2.87,7.68,2.01,10.59,1.53,7.67,0.02,39.07,0.82,
20180307,07-Mar-2018,0.65,0.35,0,0.52,7.7,0.56,11.93,2.89,7.7,2.02,10.27,1.55,7.89,0.02,38.84,0.78,
20180308,08-Mar-2018,0.67,0.33,0,1.05,7.62,0.51,11.98,2.96,7.72,2.01,10.38,2.26,8.01,0.02,38.73,0.79,
20180309,09-Mar-2018,0.659,0.341,0,2.34,7.57,0.54,11.74,3.02,7.73,2.03,10.45,2.76,8.01,0.02,36.13,0.82,
20180310,10-Mar-2018,0.668,0.332,0,3.07,7.5,0.49,11.79,3.15,7.73,2,10.49,3.39,8.12,0.02,36.88,0.83,
20180311,11-Mar-2018,0.652,0.348,0,1.95,7.52,0.45,12.6,3.17,7.73,2,10.52,2.82,7.94,0.02,37.09,0.83,
20180312,12-Mar-2018,0.686,0.314,0,2.7,7.63,0.47,11.83,3.26,7.73,1.99,10.58,3.07,7.96,0.02,37.4,0.84,
20180313,13-Mar-2018,0.709,0.291,0,3.64,7.79,0.5,10.88,3.35,7.74,1.99,10.63,3.27,7.9,0.02,37.82,0.83,
20180314,14-Mar-2018,0.599,0.401,0,5.04,7.78,0.51,10.44,3.91,7.72,1.98,10.62,4.4,8,0.03,37.43,0.8,
20180315,15-Mar-2018,0.588,0.412,0,5.04,7.78,0.55,10.55,3.65,7.73,1.9,10.73,4.45,8.12,0.02,38.8,0.81,
20180316,16-Mar-2018,0.609,0.391,0,4.86,7.75,0.74,10.82,3.7,7.72,1.87,10.73,4.34,8.07,0.02,38.42,0.79,
20180317,17-Mar-2018,0.678,0.322,0,4.68,7.77,0.51,11.25,3.77,7.73,1.87,10.74,4.38,7.93,0.02,38.87,0.78,
20180318,18-Mar-2018,0.687,0.313,0,5.42,7.76,0.51,11.04,3.91,7.73,1.86,10.78,5,8.04,0.02,39.84,0.8,
20180319,19-Mar-2018,0.668,0.332,0,4.01,7.77,0.54,12,3.93,7.74,1.82,10.8,4.13,7.97,0.02,39.06,0.81,
20180320,20-Mar-2018,0.623,0.377,0,3.91,7.8,0.47,12.28,3.95,7.76,1.76,10.85,3.99,8.17,0.02,38.79,0.84,
20180321,21-Mar-2018,0.663,0.337,0,4.7,7.8,0.47,12.19,3.97,7.76,1.72,10.85,4.35,7.98,0.02,39.15,0.84,
20180322,22-Mar-2018,0.501,0.499,0,5.37,7.72,0.47,12.05,4.16,7.78,1.69,10.9,5.14,8.01,0.02,38.7,0.84,
20180323,23-Mar-2018,0.061,0.939,0,6.86,7.87,0.55,11.85,4.37,7.8,1.82,10.95,4.63,8.12,0.02,38.24,0.82,
20180324,24-Mar-2018,0,1,0,,,,,4.47,7.8,1.76,10.95,4.49,7.9,0.02,39.11,0.77,
20180325,25-Mar-2018,0,1,0,,,,,4.55,7.8,1.72,10.95,4.58,8,0.02,39.14,0.75,
20180326,26-Mar-2018,0,1,0,,,,,4.49,7.77,1.7,10.9,4.52,7.96,0.02,38.81,0.78,
20180327,27-Mar-2018,0,0.972,0.028,,,,,4.59,7.78,1.65,10.67,4.58,7.97,0.02,38.29,0.84,
20180328,28-Mar-2018,0,0.988,0.012,,,,,4.83,7.82,1.67,10.52,4.94,8.02,0.03,38.56,0.84,
20180329,29-Mar-2018,0,0.964,0.036,,,,,4.79,7.82,1.59,10.53,4.99,8.01,0.02,39,0.84,
20180330,30-Mar-2018,0,0.945,0.055,,,,,4.84,7.87,1.52,10.6,4.99,8,0.02,39.07,0.81,
20180331,31-Mar-2018,0,0.966,0.034,,,,,4.97,7.86,1.53,10.59,5.11,7.92,0.02,39.65,0.79,
20180401,01-Apr-2018,0,0.953,0.047,,,,,5.02,7.84,1.52,10.57,5.13,7.79,0.02,38.55,0.79,
20180402,02-Apr-2018,0,0.967,0.033,,,,,5.07,7.84,1.49,10.59,5.2,7.88,0.02,35.33,0.8,
20180403,03-Apr-2018,0,0.969,0.031,,,,,5.17,7.84,1.54,10.61,5.2,8.07,0.03,38.38,0.8,
20180404,04-Apr-2018,0,0.971,0.029,,,,,5.17,7.85,1.48,10.63,5.23,8.07,0.03,39.01,0.82,
20180405,05-Apr-2018,0.207,0.747,0.046,6.48,7.86,1.39,11.09,5.13,7.82,1.5,10.56,5.41,7.93,0.03,39.29,0.85,
20180406,06-Apr-2018,0.485,0.464,0.051,6.92,7.76,0.89,11.33,5.16,7.81,1.44,10.54,6.24,8.04,0.03,38.78,0.82,
20180407,07-Apr-2018,0.499,0.468,0.033,4.22,7.83,0.63,12.01,5.13,7.85,1.42,10.62,4.97,7.93,0.03,39.04,0.83,
20180408,08-Apr-2018,0.487,0.481,0.032,5.85,7.75,0.7,11.01,5.33,7.88,1.46,10.67,5.43,7.96,0.03,39.09,0.84,
20180409,09-Apr-2018,0.595,0.38,0.025,7.4,7.68,0.78,10.45,5.37,7.77,1.45,10.64,6.37,7.98,0.03,38.83,0.86,
20180410,10-Apr-2018,0.638,0.328,0.034,6.78,7.65,0.83,10.85,5.41,7.63,1.44,10.6,6.8,7.86,0.03,38.76,0.83,
20180411,11-Apr-2018,0.798,0.154,0.047,8.75,7.67,0.82,10.17,5.7,7.43,1.38,10.61,8.43,7.84,0.03,37.68,0.81,
20180412,12-Apr-2018,0.73,0.238,0.031,10.04,7.84,0.91,9.73,5.69,7.39,1.42,10.57,9.34,7.94,0.03,39.89,0.78,
20180413,13-Apr-2018,0.745,0.22,0.035,8.98,7.77,1.13,10.26,5.96,7.46,1.41,10.63,9.25,7.93,0.03,39.78,0.76,
20180414,14-Apr-2018,0.708,0.236,0.056,5.49,7.86,1.13,11.78,5.86,7.47,1.46,10.58,7.21,7.9,0.03,39.01,0.79,
20180415,15-Apr-2018,0.686,0.274,0.04,6.9,7.92,1,11.15,5.93,7.47,1.64,10.55,6.73,7.94,0.03,39.58,0.83,
20180416,16-Apr-2018,0.559,0.41,0.031,7.77,7.9,1.11,10.88,5.93,7.44,1.68,10.5,7.19,7.99,0.03,39.04,0.81,
20180417,17-Apr-2018,0.631,0.334,0.035,8.38,7.86,1.31,10.65,6.15,7.47,1.78,10.52,7.68,7.99,0.03,39.21,0.8,
20180418,18-Apr-2018,0.857,0.136,0.007,7.01,7.77,2.2,11.47,10.59,7.48,1.58,9.6,7.81,7.92,0.03,38.58,0.76,
20180419,19-Apr-2018,0.785,0.215,0,7.69,7.86,1.31,11.29,6.17,7.44,1.82,10.45,7.7,7.82,0.03,38.75,0.79,
20180420,20-Apr-2018,0.706,0.294,0,7.95,7.84,1.41,11.13,6.18,7.43,1.93,10.41,7.69,8.01,0.02,38.86,0.82,
20180421,21-Apr-2018,0.674,0.326,0,6.19,7.81,1.64,11.96,6.14,7.41,1.84,10.35,6.82,7.99,0.03,39.26,0.8,
20180422,22-Apr-2018,0.748,0.252,0,6.11,7.88,1.34,12.13,6.11,7.4,1.82,10.31,6.21,7.91,0.03,39.12,0.81,
20180423,23-Apr-2018,0.661,0.339,0,9.5,7.79,1.58,10.79,6.17,7.39,1.8,10.3,7.87,7.98,0.03,38.45,0.85,
20180424,24-Apr-2018,0.659,0.341,0,9.59,7.72,2.13,10.31,6.23,7.47,1.81,10.26,8.93,7.97,0.03,38.91,0.84,
20180425,25-Apr-2018,0.655,0.345,0,7.33,7.79,2.73,10.42,6.18,7.56,1.61,10.19,7.27,8.01,0.03,38.44,0.79,
20180426,26-Apr-2018,0.66,0.34,0,9.28,7.72,2.59,9.69,6.29,7.57,1.58,10.23,8.33,8.04,0.03,38.39,0.77,
20180427,27-Apr-2018,0.548,0.452,0,9.89,7.73,3.1,9.58,6.38,7.55,1.52,10.21,8.75,8.01,0.03,38.17,0.77,
20180428,28-Apr-2018,0.443,0.557,0,10.57,7.68,4.12,9.35,6.41,7.54,1.4,10.17,8.4,7.88,0.03,38.26,0.83,
20180429,29-Apr-2018,0.453,0.547,0,10.64,7.64,5.75,9.24,6.46,7.52,1.35,10.11,8.44,7.95,0.03,38.86,0.79,
20180430,30-Apr-2018,0.46,0.54,0,10.72,7.6,8.43,9.21,6.47,7.5,1.28,10.06,8.64,8.06,0.04,37.58,0.81,
20180501,01-May-2018,0.407,0.593,0,9.57,7.54,7.84,9.58,6.48,7.49,1.26,10.03,8.01,7.93,0.03,37.97,0.81,
20180502,02-May-2018,0.38,0.62,0,8.28,7.5,9.01,10.03,6.81,7.57,1.24,10.02,7.34,7.94,0.03,38.64,0.8,
20180503,03-May-2018,0.388,0.612,0,7.06,7.54,7.99,10.5,6.38,7.63,1.2,9.99,6.88,7.99,0.03,38.56,0.81,
20180504,04-May-2018,0.39,0.61,0,5.93,7.58,8.06,10.97,6.36,7.63,1.18,9.95,6.42,7.92,0.03,38.3,0.84,
20180505,05-May-2018,0.397,0.603,0,8.46,7.6,7.65,9.87,6.45,7.63,1.16,9.91,7.16,7.99,0.03,38.44,0.9,
20180506,06-May-2018,0.395,0.605,0,9.26,7.58,9.91,9.79,6.48,7.62,1.13,9.89,7.66,7.98,0.03,38.74,0.87,
20180507,07-May-2018,0.356,0.644,0,9.74,7.55,12.22,9.67,6.54,7.62,1.17,9.88,7.74,7.92,0.03,37.17,0.84,
20180508,08-May-2018,0.329,0.671,0,9.1,7.54,12.49,9.83,6.57,7.6,1.13,9.83,7.49,7.98,0.03,37.1,0.8,
20180509,09-May-2018,0.287,0.713,0,9.74,7.48,15.73,9.3,6.59,7.59,1.15,9.77,7.44,8.04,0.03,37.4,0.77,
20180510,10-May-2018,0.324,0.676,0,8.55,7.17,14.09,10.11,6.63,7.57,1.59,9.71,7.32,7.95,0.03,37.67,0.83,
20180511,11-May-2018,0.316,0.684,0,9.11,7.31,14.54,9.74,6.65,7.57,2.15,9.68,7.38,7.98,0.03,37.47,0.85,
20180512,12-May-2018,0.323,0.677,0,8.48,7.34,14.94,9.96,6.67,7.57,2.17,9.72,7.32,7.99,0.03,37.31,0.82,
20180513,13-May-2018,0.343,0.657,0,8.02,7.29,12.52,10.11,6.6,7.55,2.18,9.64,7.19,8.01,0.03,37.42,0.8,
20180514,14-May-2018,0.305,0.695,0,7.44,7.27,11.99,10.45,6.6,7.55,2.17,9.64,7.3,8.06,0.03,37.35,0.84,
20180515,15-May-2018,0.326,0.674,0,7.5,7.3,7.96,10.41,6.61,7.54,2.17,9.63,7.12,8.06,0.02,38.41,0.82,
20180516,16-May-2018,0.347,0.653,0,8.63,7.3,8.95,10,6.69,7.53,2.21,9.6,7.48,8,0.03,38.43,0.81,
20180517,17-May-2018,0.328,0.672,0,8.83,7.26,16.48,9.99,6.77,7.53,2.19,9.58,7.69,7.97,0.03,37.64,0.81,
20180518,18-May-2018,0.34,0.66,0,8.15,7.22,10.05,10.17,6.77,7.51,2.29,9.51,7.46,8.12,0.02,38.31,0.84,
20180519,19-May-2018,0.348,0.652,0,7.46,7.24,6.54,10.47,6.75,7.51,2.2,9.54,7.32,7.96,0.02,37.57,0.82,
20180520,20-May-2018,0.353,0.647,0,6.95,7.12,4.88,10.77,6.76,7.51,2.2,9.53,7.09,7.94,0.02,38.22,0.81,
20180521,21-May-2018,0.358,0.642,0,7.32,7.13,5.18,10.49,6.72,7.51,2.17,9.52,7.14,7.95,0.02,38.01,0.84,
20180522,22-May-2018,0.369,0.631,0,8.83,7.24,8.71,10,6.83,7.5,2.16,9.48,7.66,7.97,0.02,36.87,0.86,
20180523,23-May-2018,0.381,0.619,0,8.97,7.27,6.67,10.06,6.85,7.48,2.18,9.42,7.88,7.9,0.02,37.85,0.79,
20180524,24-May-2018,0.372,0.628,0,8.44,7.2,5.39,10.18,6.89,7.48,2.21,9.4,7.71,8.08,0.02,38.84,0.76,
20180525,25-May-2018,0.345,0.655,0,9.17,7.21,8.02,9.96,6.98,7.47,2.2,9.37,7.82,8.18,0.02,38.84,0.79,
20180526,26-May-2018,0.333,0.667,0,9.72,7.12,11.48,9.9,7.02,7.46,2.18,9.34,7.96,8.31,0.02,39.07,0.82,
20180527,27-May-2018,0.317,0.683,0,9.81,7.11,11.72,9.85,7.08,7.45,2.15,9.31,7.99,8.36,0.02,38.25,0.83,
20180528,28-May-2018,0.309,0.691,0,9.21,7.16,7.18,10.01,7.1,7.44,2.17,9.27,7.81,8.52,0.02,39.28,0.86,
20180529,29-May-2018,0.299,0.701,0,8.07,7.23,6.46,10.43,7.02,7.42,2.21,9.2,7.32,8.44,0.02,38.97,0.86,
20180530,30-May-2018,0.279,0.721,0,8.33,7.26,3.65,10.38,7.05,7.41,2.18,9.19,7.61,8.16,0.02,38.06,0.82,
20180531,31-May-2018,0.304,0.696,0,9.43,7.21,5.06,,7.07,7.38,2.21,9.11,7.67,8.03,0.02,39.49,0.82,
20180601,01-Jun-2018,0.302,0.698,0,10.09,7.16,6.56,9.26,7.15,7.37,2.18,9.12,7.89,8.03,0.02,37.95,0.84,
20180602,02-Jun-2018,0.303,0.697,0,9.85,7.12,7.88,9.35,7.23,7.37,2.15,9.13,7.9,8.14,0.02,38.58,0.89,
20180603,03-Jun-2018,0.301,0.699,0,9.89,7.16,5.03,9.32,7.24,7.36,2.17,9.09,7.94,8.22,0.03,40.93,0.85,
20180604,04-Jun-2018,0.303,0.697,0,10.11,7.2,4.28,9.19,7.29,7.36,2.14,9.11,8.01,8,0.03,39.09,0.84,
20180605,05-Jun-2018,0.307,0.693,0,10.66,7.2,4.94,9.06,7.29,7.34,2.15,9.04,8.18,8.07,0.03,37.77,0.8,
20180606,06-Jun-2018,0.302,0.698,0,9.97,7.16,5.79,9.27,7.27,7.33,2,8.99,8.02,8.13,0.03,38.18,0.82,
20180607,07-Jun-2018,0.302,0.698,0,10.93,7.14,5.49,8.97,7.28,7.33,2.02,8.96,8.26,8.02,0.02,38.53,0.91,
20180608,08-Jun-2018,0.299,0.701,0,10.92,7.13,4.9,9.05,7.31,7.32,2.04,8.92,8.28,8,0.02,37.67,0.87,
20180609,09-Jun-2018,0.311,0.689,0,11.01,7.14,5.91,9.04,7.39,7.31,2.09,8.86,8.33,8.14,0.02,38.03,0.86,
20180610,10-Jun-2018,0.309,0.691,0,11.43,7.16,6.32,8.89,7.43,7.3,2.07,8.85,8.5,8.1,0.02,38.3,0.82,
20180611,11-Jun-2018,0.309,0.691,0,11.47,7.14,5.38,8.94,7.52,7.3,2.03,8.88,8.64,8.31,0.02,36.64,0.82,
20180612,12-Jun-2018,0.304,0.696,0,11.8,7.1,4.55,8.91,7.55,7.3,2.04,8.82,8.8,7.94,0.02,38.11,0.81,
20180613,13-Jun-2018,0.3,0.7,0,12.61,7.12,3.82,8.65,7.59,7.29,1.98,8.82,8.93,8.1,0.02,38.52,0.84,
20180614,14-Jun-2018,0.307,0.693,0,13.23,7.02,4.32,8.59,7.61,7.29,1.99,8.78,9.15,8.19,0.02,38.31,0.81,
20180615,15-Jun-2018,0.383,0.617,0,12.37,7.15,4.49,8.77,7.63,7.28,2,8.72,9.23,8.23,0.02,37.76,0.82,
20180616,16-Jun-2018,0.395,0.605,0,12.67,7.17,3.65,8.65,7.63,7.27,2.01,8.7,9.74,8.13,0.02,38.52,0.78,
20180617,17-Jun-2018,0.404,0.596,0,12.05,7.1,3.71,8.74,7.61,7.27,2.02,8.65,9.62,8.1,0.02,39.16,0.77,
20180618,18-Jun-2018,0.419,0.581,0,11.34,7.1,7.86,8.9,7.55,7.27,2.06,8.6,9.35,8.03,0.02,38.56,0.77,
20180619,19-Jun-2018,0.382,0.618,0,12.33,7.09,4.79,8.4,7.56,7.26,2.09,8.54,9.48,7.91,0.02,38.08,0.79,
20180620,20-Jun-2018,0.452,0.548,0,12.16,7.07,4.37,8.55,7.62,7.26,2.05,8.54,10.03,8.02,0.02,39.32,0.82,
20180621,21-Jun-2018,0.412,0.588,0,11.9,6.95,4.82,8.72,7.68,7.25,2.03,8.49,9.77,8.04,0.02,39.95,0.88,
20180622,22-Jun-2018,0.397,0.603,0,12.85,7.21,3.91,8.43,7.68,7.24,2.04,8.44,9.97,7.99,0.02,38.99,0.85,
20180623,23-Jun-2018,0.398,0.602,0,13.26,7.24,4.56,8.3,7.7,7.24,2.02,8.43,10.06,8.12,0.02,39.13,0.83,
20180624,24-Jun-2018,0.394,0.606,0,12.89,7.24,3.35,8.59,7.71,7.23,2.03,8.39,10.14,7.94,0.02,38.52,0.83,
20180625,25-Jun-2018,0.412,0.588,0,11.72,7.23,2.72,8.92,7.68,7.22,2.11,8.3,9.77,7.97,0.02,41.07,0.83,
20180626,26-Jun-2018,0.402,0.598,0,12.8,7.25,2.25,8.49,7.74,7.21,2.15,8.25,9.99,8.03,0.02,41.31,0.79,
20180627,27-Jun-2018,0.396,0.604,0,14.37,7.23,2.73,8.2,7.83,7.2,2.18,8.21,10.53,7.98,0.02,40.65,0.79,
20180628,28-Jun-2018,0.394,0.606,0,14.28,7.25,2.52,8.27,7.86,7.2,2.2,8.19,10.65,8.06,0.02,41.3,0.8,
20180629,29-Jun-2018,0.41,0.59,0,14.98,7.32,2.9,8.12,7.94,7.19,2.43,8.13,10.94,8.12,0.02,37.91,0.8,
20180630,30-Jun-2018,0.423,0.577,0,14.39,7.26,2.32,8.26,7.89,7.19,2.22,8.1,11.04,8.15,0.02,37.08,0.77,
20180701,01-Jul-2018,0.45,0.55,0,13.35,7.25,1.48,8.39,7.83,7.18,2.2,8.04,10.75,8.04,0.02,37.36,0.76,
20180702,02-Jul-2018,0.408,0.592,0,13.45,7.3,2.85,8.51,7.89,7.18,2.23,8.01,10.34,8.07,0.02,38.79,0.84,
20180703,03-Jul-2018,0.402,0.598,0,14.82,7.3,1.94,8.09,7.89,7.17,2.17,7.97,10.84,8.04,0.02,38.12,0.82,
20180704,04-Jul-2018,0.426,0.574,0,14.59,7.28,2.23,8.29,7.93,7.16,2.22,7.86,10.91,8.1,0.02,38.08,0.84,
20180705,05-Jul-2018,0.449,0.551,0,14.69,7.23,1.83,8.28,7.92,7.15,2.27,7.83,11.42,8.05,0.02,38.28,0.84,
20180706,06-Jul-2018,0.416,0.584,0,14.51,7.31,2.65,8.5,7.93,7.15,2.35,7.76,11.07,8.09,0.02,39.57,0.86,
20180707,07-Jul-2018,0.412,0.588,0,15.91,7.35,2.04,8.2,8.01,7.14,2.27,7.77,11.46,7.99,0.02,40.1,0.82,
20180708,08-Jul-2018,0.422,0.578,0,15.82,7.34,2,8.24,8.07,7.13,2.3,7.69,11.55,7.97,0.02,40.39,0.8,
20180709,09-Jul-2018,0.472,0.528,0,16.75,7.36,3.35,8.11,8.09,7.12,2.31,7.64,12.05,8.12,0.02,40.39,0.81,
20180710,10-Jul-2018,0.453,0.547,0,16.86,7.32,2.88,8.07,8.15,7.12,2.27,7.62,12.3,8.24,0.02,40.32,0.81,
20180711,11-Jul-2018,0.506,0.494,0,17.46,7.31,3.05,7.96,8.18,7.11,2.31,7.53,12.65,8.22,0.02,42.15,0.82,
20180712,12-Jul-2018,0.545,0.455,0,16.93,7.28,2.19,8.07,8.2,7.1,2.39,7.44,13.31,8.43,0.02,43.84,0.8,
20180713,13-Jul-2018,0.574,0.426,0,15.84,7.25,3.1,8.36,8.16,7.1,2.37,7.43,12.69,8.13,0.02,46.22,0.84,
20180714,14-Jul-2018,0.597,0.403,0,17.09,7.29,2.4,8.08,8.23,7.09,2.36,7.37,13.43,8.25,0.02,50.03,0.81,
20180715,15-Jul-2018,0.625,0.375,0,16.65,7.27,2.21,8.19,8.26,7.1,2.28,7.39,14.1,8.19,0.02,50.9,0.79,
20180716,16-Jul-2018,0.706,0.294,0,15.3,7.29,3.13,8.53,8.24,7.09,2.33,7.27,13.47,8.29,0.02,50.11,0.8,
20180717,17-Jul-2018,0.602,0.398,0,16.75,7.34,2.53,8.16,8.43,7.08,2.26,7.19,13.76,7.96,0.02,44.68,0.79,
20180718,18-Jul-2018,0.555,0.445,0,16.96,7.33,2.32,8.17,8.8,7.08,2.01,7.2,13.32,7.95,0.02,41.5,0.8,
20180719,19-Jul-2018,0.556,0.444,0,16.89,7.32,2.09,8.18,8.85,7.07,2.05,7.14,13.32,7.94,0.02,39.6,0.85,
20180720,20-Jul-2018,0.561,0.439,0,17.5,7.33,2.03,8.06,8.9,7.06,2.11,7.08,13.54,7.99,0.02,38.28,0.82,
20180721,21-Jul-2018,0.538,0.462,0,17.8,7.31,1.39,8.01,8.97,7.06,2.06,7.03,13.69,7.95,0.02,40.12,0.8,
20180722,22-Jul-2018,0.576,0.424,0,16.87,7.27,0.84,8.15,8.98,7.05,2.1,6.96,13.86,7.97,0.02,40.24,0.79,
20180723,23-Jul-2018,0.605,0.395,0,16.28,7.26,1.55,8.37,8.93,7.05,2.14,6.9,13.45,7.98,0.02,39.08,0.82,
20180724,24-Jul-2018,0.558,0.442,0,15.83,7.26,2.34,8.33,9.07,7.04,2.2,6.81,13.3,8.16,0.02,39.37,0.81,
20180725,25-Jul-2018,0.494,0.506,0,17.27,7.15,3.16,8.02,8.88,7.01,2.23,6.75,13.17,8,0.02,39.93,0.81,
20180726,26-Jul-2018,0.478,0.522,0,16.88,7.19,2.18,7.9,8.87,7,2.34,6.65,12.47,7.99,0.02,41.64,0.81,
20180727,27-Jul-2018,0.508,0.492,0,16.82,7.28,2.35,8.14,8.88,7,2.33,6.62,12.9,7.91,0.02,40.47,0.84,
20180728,28-Jul-2018,0.522,0.478,0,16.71,7.3,1.81,8.21,8.86,6.99,2.38,6.58,13.02,7.87,0.02,38.53,0.84,
20180729,29-Jul-2018,0.451,0.549,0,16.02,7.26,1.25,8.28,8.84,6.99,2.47,6.5,12.37,7.95,0.02,40.98,0.82,
20180730,30-Jul-2018,0.515,0.485,0,16.15,7.35,2.15,8.43,8.85,6.98,2.56,6.39,12.37,7.99,0.02,39.74,0.83,
20180731,31-Jul-2018,0.497,0.503,0,16.76,7.3,1.37,8.23,8.89,6.97,2.61,6.29,12.85,7.93,0.02,40.23,0.81,
20180801,01-Aug-2018,0.52,0.48,0,16.79,7.37,1.79,8.45,8.97,6.97,2.47,6.31,12.84,8.03,0.02,41.34,0.82,
20180802,02-Aug-2018,0.541,0.459,0,16.31,7.38,1.4,8.62,8.99,6.95,2.55,6.18,13.05,7.86,0.02,40.74,0.82,
20180803,03-Aug-2018,0.356,0.644,0,15.3,7.26,1.49,8.18,9.01,6.95,2.55,6.17,11.78,7.92,0.02,39.28,0.83,
20180804,04-Aug-2018,0.488,0.512,0,15.94,7.37,1.32,8.71,9.01,6.95,2.48,6.14,12.27,7.97,0.02,40.89,0.82,
20180805,05-Aug-2018,0.482,0.518,0,17.05,7.32,1.29,8.38,9.08,6.94,2.37,6.09,12.76,7.93,0.02,40.14,0.8,
20180806,06-Aug-2018,0.536,0.464,0,17.01,7.34,1.4,8.53,9.1,6.94,2.4,6.02,13.3,8.02,0.02,39.81,0.8,
20180807,07-Aug-2018,0.582,0.418,0,17.64,7.39,1.44,8.51,9.1,6.94,2.32,5.95,13.99,7.99,0.02,39.51,0.81,
20180808,08-Aug-2018,0.542,0.458,0,17.04,7.12,1.2,8.7,9.24,7,2.26,5.95,14.22,7.96,0.02,39.42,0.8,
20180809,09-Aug-2018,0.488,0.512,0,17.92,7.32,1.17,8.54,9.22,7.04,2.31,5.86,13.53,7.96,0.02,39.56,0.83,
20180810,10-Aug-2018,0.565,0.435,0,18.29,7.33,1.17,8.54,8.95,7.03,2.2,5.79,14.34,8.04,0.02,40.42,0.82,
20180811,11-Aug-2018,0.574,0.426,0,18.32,7.34,1.12,8.64,8.71,7.02,2.24,5.72,14.71,7.99,0.02,41.18,0.8,
20180812,12-Aug-2018,0.558,0.442,0,18.01,7.35,1.02,8.71,8.74,7.02,2.36,5.64,14.58,7.93,0.02,40.7,0.8,
20180813,13-Aug-2018,0.504,0.496,0,17.99,7.39,1.04,8.79,8.8,7.01,2.52,5.56,13.87,7.96,0.02,39.77,0.8,
20180814,14-Aug-2018,0.539,0.461,0,17.7,7.32,2.6,8.87,8.79,7.01,2.56,5.5,13.97,7.95,0.02,39.43,0.77,
20180815,15-Aug-2018,0.602,0.398,0,16.93,7.28,3.26,9.04,8.79,7,2.53,5.49,13.89,8.03,0.02,40.54,0.85,
20180816,16-Aug-2018,0.475,0.525,0,16.52,7.22,2.41,9.21,8.84,7,2.59,5.44,13.27,7.85,0.02,39.88,0.83,
20180817,17-Aug-2018,0.498,0.502,0,17.06,7.31,2.37,9.16,8.87,6.99,2.75,5.33,13.11,8.1,0.02,39.32,0.84,
20180818,18-Aug-2018,0.467,0.533,0,16.19,7.31,2.48,9.41,8.88,6.99,2.66,5.3,12.75,8.11,0.02,41.01,0.79,
20180819,19-Aug-2018,0.463,0.537,0,15.27,7.27,1.95,9.57,8.86,6.98,2.84,5.15,12.3,8.02,0.02,41.24,0.81,
20180820,20-Aug-2018,0.496,0.504,0,14.18,7.37,1.65,10.1,8.92,6.98,2.74,5.17,11.83,8.01,0.02,40.37,0.84,
20180821,21-Aug-2018,0.462,0.538,0,14.45,7.37,1.3,9.98,8.95,6.97,2.8,5.06,11.99,7.92,0.02,39.14,0.88,
20180822,22-Aug-2018,0.495,0.505,0,14.54,7.43,1.59,9.01,8.94,6.96,2.89,5.01,11.92,8.04,0.02,40.91,0.85,
20180823,23-Aug-2018,0.498,0.502,0,15.65,7.43,1.5,7.9,8.99,6.95,2.9,5.02,12.46,8.05,0.02,40.62,0.82,
20180824,24-Aug-2018,0.53,0.47,0,15.82,7.4,1.29,7.92,9.02,6.95,2.95,4.94,12.85,7.88,0.02,39.4,0.79,
20180825,25-Aug-2018,0.506,0.494,0,16.17,7.4,1.3,7.89,9.07,6.94,2.91,4.91,12.88,7.94,0.02,39.98,0.79,
20180826,26-Aug-2018,0.53,0.47,0,16.15,7.42,1.16,7.92,9.13,6.94,2.93,4.84,13.13,7.92,0.02,40.72,0.78,
20180827,27-Aug-2018,0.488,0.512,0,16.32,7.44,1.13,7.89,9.17,6.93,2.54,4.72,12.93,7.94,0.02,40.18,0.79,
20180828,28-Aug-2018,0.496,0.504,0,15.12,7.31,1.06,8.23,9.16,6.92,3.02,4.59,12.66,7.97,0.02,39.17,0.81,
20180829,29-Aug-2018,0.534,0.466,0,15.24,7.44,1.12,8.31,9.16,6.92,2.98,4.57,12.61,7.95,0.02,39.47,0.81,
20180830,30-Aug-2018,0.524,0.476,0,15.42,7.43,1.07,8.31,9.24,6.91,3.02,4.49,12.89,7.97,0.02,41.3,0.78,
20180831,31-Aug-2018,0.525,0.475,0,15.41,7.45,1.08,8.33,9.29,6.91,3.08,4.39,12.8,7.96,0.02,38.51,0.78,
20180901,01-Sep-2018,0.524,0.476,0,15.31,7.44,1.04,8.38,9.32,6.9,3.11,4.31,12.9,8.04,0.02,39.37,0.82,
20180902,02-Sep-2018,0.514,0.486,0,14.43,7.41,1.24,8.71,9.36,6.9,3.16,4.24,12.33,7.97,0.02,39.52,0.83,
20180903,03-Sep-2018,0.574,0.426,0,14.92,7.41,2.28,8.64,9.4,6.89,3.18,4.17,12.89,7.99,0.02,40.24,0.81,
20180904,04-Sep-2018,0.563,0.437,0,14.16,7.42,2.1,8.9,9.46,6.89,3.21,4.09,12.51,8.04,0.02,38.97,0.8,
20180905,05-Sep-2018,0.591,0.409,0,14.62,7.45,1.74,8.85,9.46,6.88,3.28,4.01,12.9,8.03,0.02,39.49,0.8,
20180906,06-Sep-2018,0.533,0.467,0,14.27,7.47,1.46,9,9.48,6.88,3.23,3.97,12.59,7.93,0.02,39.47,0.82,
20180907,07-Sep-2018,0.539,0.461,0,14.31,7.5,1.45,9.07,9.54,6.87,3.52,3.8,12.47,8.04,0.02,40.15,0.82,
20180908,08-Sep-2018,0.538,0.462,0,15.1,7.53,1.27,8.86,9.64,6.87,3.61,3.69,12.78,8,0.02,39.92,0.8,
20180909,09-Sep-2018,0.582,0.418,0,15.66,7.54,1.02,8.73,9.78,6.86,3.52,3.64,13.52,7.94,0.02,39.59,0.79,
20180910,10-Sep-2018,0.479,0.521,0,15.63,7.55,0.84,8.82,9.87,6.86,3.55,3.57,12.98,7.88,0.02,39.26,0.81,
20180911,11-Sep-2018,0.508,0.492,0,15.44,7.58,0.69,8.87,9.94,6.85,3.57,3.46,12.95,7.93,0.02,37.59,0.82,
20180912,12-Sep-2018,0.512,0.488,0,15.89,7.67,0.66,8.82,10.02,6.84,3.61,3.35,13.3,7.98,0.02,37.59,0.83,
20180913,13-Sep-2018,0.488,0.512,0,15.92,7.68,0.66,8.92,10.11,6.84,3.67,3.28,12.89,7.94,0.02,38.56,0.83,
20180914,14-Sep-2018,0.412,0.588,0,15.7,7.72,0.62,9.07,10.25,6.83,3.56,3.19,12.66,7.98,0.02,38.83,0.85,
20180915,15-Sep-2018,0.389,0.611,0,15.76,7.68,0.58,9.1,10.36,6.83,3.68,3.05,12.54,7.98,0.02,39.2,0.81,
20180916,16-Sep-2018,0.398,0.602,0,16.16,7.69,0.6,9.02,10.45,6.82,3.75,2.92,12.84,7.93,0.02,39.5,0.8,
20180917,17-Sep-2018,0.378,0.622,0,15.97,7.69,0.55,8.49,10.54,6.81,3.82,2.81,12.7,8,0.02,38.51,0.81,
20180918,18-Sep-2018,0.403,0.597,0,15.67,7.75,0.54,8.15,10.67,6.81,3.84,2.69,12.7,7.98,0.02,37.95,0.81,
20180919,19-Sep-2018,0.329,0.671,0,16.63,7.78,0.54,7.71,10.74,6.8,3.91,2.6,12.19,7.91,0.02,38.39,0.8,
20180920,20-Sep-2018,0,1,0,,,,,10.92,6.75,3.86,2.47,10.79,8.04,0.02,39.14,0.79,
20180921,21-Sep-2018,0,1,0,,,,,10.98,6.67,3.91,2.33,10.66,7.95,0.02,39.59,0.8,
20180922,22-Sep-2018,0,1,0,,,,,11.07,6.66,3.88,2.23,10.79,7.93,0.02,40.02,0.82,
20180923,23-Sep-2018,0,1,0,,,,,11.15,6.66,3.87,2.11,10.85,7.93,0.02,40.67,0.86,
20180924,24-Sep-2018,0,1,0,,,,,11.38,6.65,3.71,2.05,11.05,8.09,0.02,40.58,0.84,
20180925,25-Sep-2018,0,1,0,,,,,11.56,6.65,3.57,1.96,11.32,7.97,0.02,38.75,0.81,
20180926,26-Sep-2018,0,1,0,,,,,11.72,6.64,3.25,2.36,11.34,8,0.02,39.8,0.81,
20180927,27-Sep-2018,0,1,0,,,,,11.6,6.64,3.37,1.76,11.39,7.96,0.02,38.27,0.8,
20180928,28-Sep-2018,0,1,0,,,,,11.64,6.63,3.52,1.65,11.48,7.97,0.02,38.71,0.78,
20180929,29-Sep-2018,0,1,0,,,,,11.62,6.63,3.68,1.51,11.52,7.96,0.02,40.76,0.8,
20180930,30-Sep-2018,0,1,0,,,,,11.63,6.63,3.63,1.49,11.55,7.94,0.02,40.32,0.81,
20181001,01-Oct-2018,0,1,0,,,,,11.67,6.63,3.75,1.38,11.64,7.92,0.02,39.54,0.81,
20181002,02-Oct-2018,0,1,0,,,,,11.85,6.78,3.75,1.32,11.74,7.83,0.02,39.4,0.79,
20181003,03-Oct-2018,0.3,0.7,0,14.08,7.57,1.32,8.66,11.85,6.92,3.9,1.18,12.25,7.93,0.02,39.38,0.78,
20181004,04-Oct-2018,0.4,0.6,0,12.31,7.62,0.63,11.8,11.87,6.99,4.02,1,12.55,7.91,0.02,38.57,0.8,
20181005,05-Oct-2018,0.324,0.676,0,10.5,7.64,0.59,12.25,11.9,6.99,3.96,1.01,11.83,7.93,0.02,38.17,0.81,
20181006,06-Oct-2018,0,1,0,,,,,12.04,6.99,4.11,0.84,12.02,7.95,0.02,38.87,0.81,
20181007,07-Oct-2018,0,1,0,,,,,12.08,6.98,4.18,0.75,12.12,7.96,0.02,39.01,0.8,
20181008,08-Oct-2018,0,0.988,0.012,,,,,12.08,6.98,4.13,0.73,12.18,7.87,0.02,38.93,0.79,
20181009,09-Oct-2018,0,0.974,0.026,,,,,12.11,6.98,3.78,0.77,12.23,7.92,0.02,38.74,0.79,
20181010,10-Oct-2018,0,0.982,0.018,,,,,12.15,6.98,3.59,0.74,12.27,7.87,0.02,39.05,0.82,
20181011,11-Oct-2018,0,1,0,,,,,12.23,6.98,3.51,0.85,12.47,8,0.02,39.16,0.79,
20181012,12-Oct-2018,0.487,0.513,0,8.62,7.59,0.76,13.23,12.31,6.99,3.35,0.97,11.93,8.1,0.02,39.13,0.75,
20181013,13-Oct-2018,0.703,0.297,0,6.97,7.66,0.7,13.83,12.51,7.01,3.52,1.31,9.42,8.01,0.02,38.86,0.81,
20181014,14-Oct-2018,0.717,0.283,0,5.93,7.64,0.63,14.38,13.07,7.14,3.46,3.38,9.08,8.03,0.02,39.47,0.84,
20181015,15-Oct-2018,0.644,0.356,0,3.54,7.71,0.52,13.24,13.58,7.38,3.69,6.04,7.61,8.03,0.02,38.22,0.83,
20181016,16-Oct-2018,0.617,0.383,0,3.83,7.71,0.49,10.77,13.61,7.37,3.51,6.82,8.03,7.95,0.02,38.13,0.84,
20181017,17-Oct-2018,0.728,0.272,0,4.71,7.72,0.56,10.45,13.5,7.31,3.08,7.14,8.23,7.97,0.02,38.11,0.79,
20181018,18-Oct-2018,0.503,0.497,0,5.23,7.72,0.46,10.35,13.46,7.31,3.12,7.13,9.51,8.04,0.02,39.23,0.84,
20181019,19-Oct-2018,0.393,0.607,0,6.11,7.71,0.37,10.14,13.37,7.34,3.1,7.32,10.91,7.98,0.02,38.6,0.82,
20181020,20-Oct-2018,0.404,0.596,0,6.87,7.71,0.35,10,13.27,7.38,3.09,7.51,11.16,7.89,0.02,38.77,0.81,
20181021,21-Oct-2018,0.398,0.602,0,7.14,7.74,0.36,9.95,13.24,7.34,3.29,7.34,11.19,7.91,0.02,38.87,0.81,
20181022,22-Oct-2018,0.445,0.555,0,7.76,7.71,0.42,9.7,13.2,7.34,3.29,7.34,11.6,7.94,0.02,38.4,0.82,
20181023,23-Oct-2018,0.498,0.502,0,8.19,7.71,0.39,9.64,13.15,7.37,3.14,7.47,11.68,8.01,0.02,38.23,0.83,
20181024,24-Oct-2018,0.514,0.486,0,8.28,7.72,0.36,9.65,13.08,7.37,3.16,7.45,11.56,7.97,0.02,37.97,0.84,
20181025,25-Oct-2018,0.499,0.501,0,8.32,7.7,0.37,9.66,13.01,7.36,3.25,7.41,11.62,7.97,0.02,38.76,0.85,
20181026,26-Oct-2018,0.49,0.51,0,7.66,7.67,0.38,9.94,12.94,7.35,3.35,7.41,11.37,8,0.02,38.83,0.82,
20181027,27-Oct-2018,0.496,0.504,0,7.69,7.69,0.4,9.93,12.89,7.36,3.58,7.52,11.15,7.92,0.02,38.22,0.84,
20181028,28-Oct-2018,0.5,0.5,0,8.05,7.66,0.39,9.83,12.84,7.37,3.53,7.61,11.49,7.94,0.02,38.32,0.82,
20181029,29-Oct-2018,0.501,0.499,0,7.89,7.7,0.38,9.9,12.81,7.43,3.47,7.87,11.3,7.95,0.02,39.45,0.79,
20181030,30-Oct-2018,0.51,0.49,0,7.87,7.66,0.44,9.94,12.76,7.38,3.61,7.75,11.26,7.9,0.02,39.94,0.8,
20181031,31-Oct-2018,0.511,0.489,0,5.97,7.66,0.7,10.78,12.61,7.51,3.15,8.22,10.42,8.01,0.02,40.28,0.81,
20181101,01-Nov-2018,0.554,0.446,0,4.96,7.72,0.4,11.12,12.47,7.56,3.09,8.39,9.52,8.03,0.02,39.56,0.82,
20181102,02-Nov-2018,0.545,0.455,0,5.11,7.78,0.38,11.05,12.3,7.55,3.06,8.36,9.15,7.95,0.02,39.83,0.83,
20181103,03-Nov-2018,0.496,0.504,0,6.19,7.74,0.39,10.6,12.15,7.59,3.42,8.5,10.05,7.98,0.02,39.13,0.81,
20181104,04-Nov-2018,0.485,0.515,0,5.42,7.78,0.37,11.12,11.83,7.57,3.46,8.51,9.77,7.96,0.02,38.61,0.8,
20181105,05-Nov-2018,0.494,0.506,0,4.81,7.77,0.37,11.29,11.06,7.62,3.22,8.68,9.23,7.99,0.02,39.23,0.8,
20181106,06-Nov-2018,0.498,0.502,0,3.91,7.75,0.36,11.86,10.48,7.63,3.32,8.71,8.83,8.03,0.02,40.88,0.84,
20181107,07-Nov-2018,0.5,0.5,0,2.83,7.79,0.34,12.46,10.27,7.65,3.35,8.8,8.07,7.98,0.02,39.65,0.85,
20181108,08-Nov-2018,0.497,0.503,0,1.82,7.86,0.38,12.92,10.04,7.68,3.52,8.88,7.44,8.03,0.02,38.52,0.82,
20181109,09-Nov-2018,0.496,0.504,0,1.26,7.92,0.65,13.27,9.77,7.72,3.74,9,6.98,7.97,0.02,38.9,0.8,
20181110,10-Nov-2018,0.503,0.497,0,1.2,8,0.42,13.3,9.48,7.72,3.75,9.04,6.76,8.08,0.02,40.92,0.8,
20181111,11-Nov-2018,0.495,0.505,0,1.18,7.95,0.92,13.37,9.3,7.75,3.59,9.08,6.67,8.08,0.02,42.66,0.83,
20181112,12-Nov-2018,0.498,0.502,0,1.31,7.93,0.51,13.58,9.06,7.77,3.47,9.14,6.12,8.07,0.02,43.22,0.83,
20181113,13-Nov-2018,0.498,0.502,0,1.86,7.95,0.39,13.62,8.99,7.75,3.51,9.2,5.89,8,0.02,43.3,0.8,
20181114,14-Nov-2018,0.487,0.513,0,1.66,8.01,0.34,12.35,8.58,7.79,3.43,9.27,6.03,7.98,0.02,41.3,0.81,
20181115,15-Nov-2018,0.487,0.513,0,1.37,8.02,0.44,11.71,8.57,7.75,3.52,9.2,5.71,8.02,0.02,43.26,0.82,
20181116,16-Nov-2018,0.489,0.511,0,1.48,8.01,0.44,11.7,8.56,7.79,3.41,9.28,5.81,8.15,0.02,42.27,0.84,
20181117,17-Nov-2018,0.488,0.512,0,2.03,7.95,0.54,11.59,9.03,7.78,2.99,9.36,5.91,8.12,0.02,41.49,0.81,
20181118,18-Nov-2018,0.501,0.499,0,1.46,7.98,0.37,11.99,8.17,7.84,3.2,9.4,5.67,7.97,0.02,40.79,0.86,
20181119,19-Nov-2018,0.491,0.509,0,1.48,7.99,0.33,12.03,8.02,7.74,3.39,9.46,5.34,8.06,0.02,40.5,0.89,
20181120,20-Nov-2018,0.495,0.505,0,1.33,7.99,0.32,12.17,7.9,7.61,3.26,9.5,5.38,8.09,0.02,40.13,0.85,
20181121,21-Nov-2018,0.493,0.507,0,1.26,8,0.35,12.27,7.84,7.69,3.2,9.62,5.27,8.05,0.02,41.22,0.84,
20181122,22-Nov-2018,0.493,0.507,0,1.17,8.02,0.35,12.33,7.74,7.64,3.48,9.55,5.18,7.97,0.02,39.69,0.85,
20181123,23-Nov-2018,0.498,0.502,0,1.2,8.03,0.42,12.25,7.67,7.71,3.4,9.7,5.11,8.06,0.02,39.24,0.81,
20181124,24-Nov-2018,0.492,0.508,0,1.27,8.01,0.37,12.29,7.47,7.71,3.55,9.74,5.08,8.05,0.02,40.59,0.82,
20181125,25-Nov-2018,0.491,0.509,0,1.33,7.92,0.35,12.47,7.1,7.66,3.73,9.75,4.96,8.06,0.02,41.54,0.84,
20181126,26-Nov-2018,0.496,0.504,0,0.99,7.86,0.33,12.31,7.22,7.68,3.76,9.79,4.79,7.87,0.02,40.34,0.83,
20181127,27-Nov-2018,0.495,0.505,0,0.77,7.86,0.33,11.72,7.26,7.72,3.71,9.78,4.93,7.99,0.02,39.32,0.85,
20181128,28-Nov-2018,0.493,0.507,0,0.74,7.88,0.39,11.7,7.25,7.77,3.44,9.86,4.73,8.1,0.02,38.98,0.85,
20181129,29-Nov-2018,0.486,0.514,0,0.9,7.85,0.39,11.7,7.21,7.74,3.53,9.83,4.71,7.98,0.02,38.8,0.82,
20181130,30-Nov-2018,0.497,0.503,0,1.06,7.85,0.35,11.66,7.14,7.8,3.47,9.94,4.7,7.82,0.02,37.66,0.81,
20181201,01-Dec-2018,0.49,0.51,0,1.17,7.83,0.35,11.67,6.98,7.84,3.43,10.01,4.76,7.96,0.02,36.91,0.83,
20181202,02-Dec-2018,0.494,0.506,0,0.73,7.82,0.34,12.11,6.77,7.82,3.49,10.03,4.44,7.91,0.02,38.18,0.84,
20181203,03-Dec-2018,0.484,0.516,0,0.63,7.76,0.33,12.34,6.51,7.67,3.77,10.03,4.23,7.87,0.02,38.17,0.84,
20181204,04-Dec-2018,0.498,0.502,0,0.6,7.74,0.33,12.53,6.44,7.7,3.32,10.15,4.11,8.07,0.02,39.53,0.84,
20181205,05-Dec-2018,0.484,0.516,0,0.58,7.77,0.31,12.62,6.27,7.75,3.25,10.22,4.11,8.02,0.02,42.41,0.83,
20181206,06-Dec-2018,0.497,0.503,0,0.54,7.79,0.33,12.68,6.05,7.74,3.24,10.23,3.89,7.92,0.02,40.92,0.82,
20181207,07-Dec-2018,0.488,0.512,0,0.51,7.72,0.32,12.83,5.87,7.73,3.21,10.25,3.86,8.05,0.02,41.2,0.83,
20181208,08-Dec-2018,0.497,0.503,0,0.49,7.73,0.32,12.94,5.66,7.78,3.23,10.34,3.68,7.88,0.02,41.3,0.83,
20181209,09-Dec-2018,0.49,0.51,0,0.47,7.72,0.34,13.05,5.55,7.78,3.27,10.34,3.68,7.94,0.02,41.16,0.84,
20181210,10-Dec-2018,0.485,0.515,0,0.4,7.75,0.37,13.18,5.5,7.85,3.13,10.44,3.61,8.04,0.02,41.82,0.85,
20181211,11-Dec-2018,0.492,0.508,0,0.3,7.79,0.43,13.11,5.44,7.91,3.03,10.5,3.52,8.02,0.02,41.15,0.81,
20181212,12-Dec-2018,0.464,0.536,0,0.59,7.76,0.38,13.03,5.35,7.81,2.92,10.5,3.7,8.13,0.03,40.58,0.77,
20181213,13-Dec-2018,0.49,0.51,0,0.51,7.69,0.36,13.21,5.17,7.72,2.88,10.51,3.56,7.95,0.02,39.51,0.81,
20181214,14-Dec-2018,0.485,0.515,0,0.45,7.7,0.34,13.44,5.03,7.74,3.06,10.58,3.45,7.89,0.02,38.44,0.84,
20181215,15-Dec-2018,0.502,0.498,0,0.44,7.74,0.33,13.47,4.91,7.72,3.13,10.59,3.31,8,0.02,38.45,0.86,
20181216,16-Dec-2018,0.49,0.51,0,0.42,7.73,0.35,13.6,4.81,7.74,3.15,10.64,3.29,7.97,0.02,38.86,0.86,
20181217,17-Dec-2018,0.499,0.501,0,0.4,7.77,0.34,13.73,4.74,7.76,3.13,10.68,3.22,7.95,0.02,38.38,0.85,
20181218,18-Dec-2018,0.49,0.51,0,0.34,7.78,0.39,13.68,4.73,7.73,3.12,10.64,3.17,7.97,0.02,39.77,0.82,
20181219,19-Dec-2018,0.486,0.514,0,0.34,7.78,0.41,12.78,5.13,7.83,2.98,10.75,3.27,7.95,0.02,38.96,0.81,
20181220,20-Dec-2018,0.496,0.504,0,0.32,7.75,0.41,12.26,4.73,,2.98,10.74,3.14,8.03,0.02,39.9,0.81,
20181221,21-Dec-2018,0.495,0.505,0,0.32,7.81,0.36,12.23,4.67,,2.92,10.8,3.11,8.07,0.02,40.03,0.79,
20181222,22-Dec-2018,0.478,0.522,0,0.38,7.77,0.36,12.26,4.59,,3,10.78,3.17,8.09,0.02,40.55,0.8,
20181223,23-Dec-2018,0.499,0.501,0,0.44,7.74,0.33,12.46,4.41,,3.06,10.83,3.09,8.01,0.02,40.89,0.82,
20181224,24-Dec-2018,0.489,0.511,0,0.57,7.78,0.33,12.48,4.26,,3.17,10.84,3.05,7.9,0.02,40.28,0.81,
20181225,25-Dec-2018,0.482,0.518,0,0.58,7.8,0.32,12.53,4.16,,3.04,10.89,3.09,8.03,0.02,40.95,0.8,
20181226,26-Dec-2018,0.499,0.501,0,0.58,7.83,0.31,12.56,4.12,,2.83,10.91,3.01,7.87,0.02,39.99,0.8,
20181227,27-Dec-2018,0.487,0.513,0,0.56,7.82,0.31,12.6,3.99,,2.87,10.95,2.95,7.97,0.02,38.64,0.83,
20181228,28-Dec-2018,0.48,0.52,0,0.46,7.77,0.32,12.76,3.65,,2.97,10.97,2.8,7.93,0.02,38.19,0.83,
20181229,29-Dec-2018,0.475,0.525,0,0.35,7.8,0.33,12.9,3.43,,3.05,11,2.6,8.02,0.02,40.35,0.82,
20181230,30-Dec-2018,0.479,0.521,0,0.37,7.85,0.32,12.86,3.44,,2.87,11.02,2.59,8.02,0.03,41.14,0.8,
20181231,31-Dec-2018,0.496,0.504,0,0.33,7.82,0.34,12.83,3.3,,2.85,11.03,2.28,8.05,0.02,40.55,0.78,
20190101,01-Jan-2019,0.482,0.518,0,0.22,7.79,0.29,13.07,2.99,8.2,2.97,11.04,2.03,8.1,0.02,39.51,0.8,
20190102,02-Jan-2019,0.468,0.532,0,0.28,7.79,0.27,13.07,3.08,8.19,2.97,10.98,2.01,7.95,0.03,39.12,0.82,
20190103,03-Jan-2019,0.431,0.569,0,0.39,7.81,0.27,13.18,3.11,8.1,2.95,10.95,2.27,8.09,0.03,40.24,0.81,
20190104,04-Jan-2019,0.495,0.505,0,0.27,7.83,0.31,13.19,3.11,8.04,2.95,10.9,2.05,7.99,0.03,40.08,0.8,
20190105,05-Jan-2019,0.482,0.518,0,0.2,7.82,0.32,13.24,3.07,8.02,2.92,10.89,2.01,8.04,0.03,39.39,0.79,
20190106,06-Jan-2019,0.484,0.516,0,0.24,7.85,0.3,13.27,3,7.99,2.86,10.92,2.01,8.14,0.03,39.52,0.79,
20190107,07-Jan-2019,0.504,0.496,0,0.23,7.81,0.32,12.55,2.68,8.08,2.67,10.85,1.76,8.06,0.03,39.73,0.8,
20190108,08-Jan-2019,0.493,0.507,0,0.21,7.73,0.39,12.1,2.67,8.04,2.66,10.53,1.72,7.97,0.03,39.69,0.82,
20190109,09-Jan-2019,0.489,0.511,0,0.21,7.74,0.47,12.33,2.71,7.91,2.72,10.45,1.76,8,0.03,39.87,0.8,
20190110,10-Jan-2019,0.479,0.521,0,0.2,7.8,0.41,12.31,2.75,7.84,2.71,10.39,1.8,8.05,0.03,40.4,0.8,
20190111,11-Jan-2019,0.501,0.499,0,0.21,7.79,0.41,12.3,2.75,7.84,2.65,10.4,1.78,8.11,0.03,40.91,0.79,
20190112,12-Jan-2019,0.478,0.522,0,0.21,7.76,0.41,12.38,2.59,7.85,2.64,10.53,1.73,8.1,0.03,40.15,0.79,
20190113,13-Jan-2019,0.488,0.512,0,0.19,7.76,0.41,12.48,2.74,7.74,2.69,10.31,1.75,8.05,0.03,40.53,0.79,
20190114,14-Jan-2019,0.489,0.511,0,0.19,7.76,0.41,12.54,2.79,7.7,2.61,10.2,1.78,8.04,0.03,40.55,0.8,
20190115,15-Jan-2019,0.483,0.517,0,0.19,7.78,0.4,12.59,2.79,7.7,2.51,10.21,1.8,8.18,0.03,41.84,0.8,
20190116,16-Jan-2019,0.483,0.517,0,0.2,7.81,0.42,12.6,2.76,7.75,2.47,10.33,1.79,7.96,0.03,40.24,0.79,
20190117,17-Jan-2019,0.479,0.521,0,0.2,7.82,0.4,12.64,2.75,7.75,2.44,10.33,1.79,8.01,0.03,39.99,0.79,
20190118,18-Jan-2019,0.508,0.492,0,0.17,7.8,0.43,12.61,2.73,7.71,2.42,10.28,1.71,8.01,0.03,40.11,0.79,
20190119,19-Jan-2019,0.497,0.503,0,0.16,7.76,0.41,12.8,2.51,7.76,2.45,10.47,1.61,7.95,0.03,39.28,0.8,
20190120,20-Jan-2019,0.5,0.5,0,0.16,7.81,0.41,12.86,2.64,7.72,2.37,10.36,1.64,7.97,0.03,38.99,0.83,
20190121,21-Jan-2019,0.494,0.506,0,0.15,7.85,0.41,12.79,2.62,7.72,2.34,10.38,1.66,7.96,0.03,39.37,0.84,
20190122,22-Jan-2019,0.488,0.512,0,0.46,7.78,0.41,12.86,2.6,7.74,2.75,10.54,2.04,8.06,0.03,40.18,0.83,
20190123,23-Jan-2019,0.494,0.506,0,0.59,7.81,0.4,13.04,2.55,7.72,2.7,10.59,2.19,8.07,0.03,38.36,0.82,
20190124,24-Jan-2019,0.492,0.508,0,0.59,7.78,0.41,13.02,2.57,7.7,2.62,10.54,2.22,8.14,0.03,39.01,0.82,
20190125,25-Jan-2019,0.491,0.509,0,0.58,7.76,0.4,13.08,2.5,7.7,2.66,10.56,2.16,8.06,0.03,39.95,0.82,
20190126,26-Jan-2019,0.488,0.512,0,0.58,7.78,0.41,13.15,2.32,7.7,2.83,10.64,2.1,8.03,0.03,40.43,0.81,
20190127,27-Jan-2019,0.491,0.509,0,0.54,7.83,0.4,13.26,2.24,7.69,2.88,10.67,2.05,7.99,0.03,40.42,0.79,
20190128,28-Jan-2019,0.49,0.51,0,0.62,7.81,0.66,12.53,2.59,7.78,2.97,10.69,2.32,8.03,0.04,40.03,0.8,
20190129,29-Jan-2019,0.49,0.51,0,0.67,7.88,0.56,11.75,2.72,7.93,3.02,10.64,1.95,8.07,0.04,39.43,0.77,
20190130,30-Jan-2019,0.484,0.516,0,0.74,7.97,0.39,11.83,2.21,7.88,2.87,10.73,2.02,7.96,0.03,38.33,0.79,
20190131,31-Jan-2019,0.494,0.506,0,0.77,8,0.38,11.85,2.25,7.84,2.79,10.66,2.04,7.97,0.03,40.3,0.82,
20190201,01-Feb-2019,0.48,0.52,0,0.76,7.99,0.37,11.92,2.29,7.8,2.72,10.6,2.12,7.99,0.03,41.56,0.84,
20190202,02-Feb-2019,0.501,0.499,0,0.7,7.99,0.4,11.97,2.3,7.77,2.68,10.58,2.06,7.93,0.03,40.5,0.86,
20190203,03-Feb-2019,0.491,0.509,0,0.65,8.01,0.4,11.91,2.32,7.78,2.73,10.68,2.04,7.94,0.03,40.24,0.84,
20190204,04-Feb-2019,0.488,0.512,0,0.65,7.97,0.43,11.98,2.29,7.72,2.59,10.7,1.94,8.01,0.03,40.73,0.86,
20190205,05-Feb-2019,0.469,0.531,0,0.58,7.92,0.44,12.04,2.38,7.67,2.6,10.74,1.89,8.02,0.04,39.68,0.83,
20190206,06-Feb-2019,0.483,0.517,0,0.56,7.86,0.42,11.98,2.42,7.67,2.63,10.74,1.9,7.92,0.04,38.73,0.79,
20190207,07-Feb-2019,0.5,0.5,0,0.56,7.85,0.39,12.15,2.37,7.65,2.61,10.72,1.9,7.93,0.04,39.2,0.82,
20190208,08-Feb-2019,0.473,0.527,0,0.61,7.89,0.4,12.4,2.37,7.64,2.55,10.7,1.96,7.97,0.04,39.51,0.88,
20190209,09-Feb-2019,0.492,0.508,0,0.63,7.92,0.4,12.44,2.42,7.6,2.49,10.56,1.98,8,0.04,41.02,0.84,
20190210,10-Feb-2019,0.491,0.509,0,0.61,7.93,0.4,12.41,2.44,7.57,2.47,10.47,1.95,8.01,0.04,41.04,0.82,
20190211,11-Feb-2019,0.493,0.507,0,0.6,7.92,0.4,12.29,2.46,7.53,2.45,10.39,1.94,7.96,0.04,41.36,0.81,
20190212,12-Feb-2019,0.501,0.499,0,0.61,7.92,0.4,12.4,2.48,7.51,2.45,10.31,1.9,8.02,0.04,40.38,0.81,
20190213,13-Feb-2019,0.487,0.513,0,0.58,7.95,0.39,12.45,2.47,7.54,2.41,10.39,1.88,8.02,0.04,40.58,0.82,
20190214,14-Feb-2019,0.498,0.502,0,0.59,7.97,0.41,12.36,2.49,7.55,2.44,10.47,1.89,8.08,0.04,39.66,0.8,
20190215,15-Feb-2019,0.48,0.52,0,0.61,7.92,0.56,12.42,2.53,7.6,2.46,10.62,1.9,7.97,0.04,38.41,0.79,
20190216,16-Feb-2019,0.5,0.5,0,0.64,7.9,0.4,12.42,2.56,7.6,2.42,10.63,1.88,8.02,0.04,38.3,0.79,
20190217,17-Feb-2019,0.486,0.514,0,0.66,7.93,0.37,12.56,2.59,7.61,2.45,10.66,1.96,7.99,0.04,39,0.8,
20190218,18-Feb-2019,0.487,0.513,0,0.63,7.93,0.39,12.74,2.6,7.63,2.41,10.72,1.95,7.92,0.04,39.2,0.83,
20190219,19-Feb-2019,0.489,0.511,0,0.62,7.91,0.37,12.47,2.62,7.65,2.38,10.78,1.98,8.19,0.05,39.81,0.83,
20190220,20-Feb-2019,0.491,0.509,0,0.61,7.93,0.38,12.16,2.62,7.64,2.34,10.77,1.96,8,0.05,39.62,0.83,
20190221,21-Feb-2019,0.499,0.501,0,0.56,7.96,0.39,12.42,2.63,7.62,2.29,10.7,1.91,7.97,0.05,39.81,0.82,
20190222,22-Feb-2019,0.489,0.511,0,0.57,7.93,0.39,12.55,2.65,7.6,2.29,10.66,1.92,7.94,0.05,39.33,0.82,
20190223,23-Feb-2019,0.493,0.507,0,0.62,7.89,0.36,12.73,2.67,7.57,2.3,10.56,1.94,7.91,0.04,39.5,0.81,
20190224,24-Feb-2019,0.485,0.515,0,0.64,7.95,0.37,13.11,2.7,7.55,2.29,10.5,2.01,7.96,0.05,39.52,0.83,
20190225,25-Feb-2019,0.49,0.51,0,0.64,7.97,0.38,13.3,2.73,7.55,2.21,10.48,2.01,8,0.04,39.1,0.82,
20190226,26-Feb-2019,0.49,0.51,0,0.65,7.97,0.38,13.46,2.77,7.56,2.13,10.55,2.03,8.01,0.04,39.2,0.82,
20190227,27-Feb-2019,0.49,0.51,0,0.65,7.96,0.38,13.67,2.81,7.58,2.05,10.6,2.03,8.03,0.04,39.38,0.82,
20190228,28-Feb-2019,0.489,0.511,0,0.63,7.93,0.37,13.82,2.85,7.59,2.01,10.62,2.06,7.94,0.04,38.56,0.82,
20190301,01-Mar-2019,0.494,0.506,0,0.68,7.92,0.39,13.92,2.91,7.6,1.95,10.65,2.09,7.92,0.04,38.63,0.82,
20190302,02-Mar-2019,0.503,0.497,0,0.67,7.89,0.4,14.06,2.95,7.58,1.96,10.62,2.07,7.92,0.04,38.34,0.83,
20190303,03-Mar-2019,0.493,0.507,0,0.61,7.85,0.36,14.25,2.95,7.58,1.97,10.63,2.14,7.81,0.04,38.26,0.84,
20190304,04-Mar-2019,0.493,0.507,0,0.56,7.87,0.36,13.49,2.93,7.59,1.89,10.64,2.19,7.91,0.04,38.94,0.85,
20190305,05-Mar-2019,0.489,0.511,0,0.63,7.89,0.37,12.11,2.96,7.59,1.9,10.61,2.26,7.96,0.04,38.89,0.84,
20190306,06-Mar-2019,0.477,0.523,0,0.69,7.94,0.37,12.19,3.02,7.6,1.87,10.63,2.33,7.95,0.03,39.39,0.81,
20190307,07-Mar-2019,0.486,0.514,0,0.66,7.97,0.39,12.13,3.04,7.58,1.85,10.58,2.3,7.92,0.03,38.92,0.82,
20190308,08-Mar-2019,0.505,0.495,0,0.7,7.93,0.4,12.17,3.08,7.54,1.91,10.43,2.28,7.96,0.03,39.01,0.81,
20190309,09-Mar-2019,0.491,0.509,0,0.68,7.92,0.42,12.22,3.08,7.53,1.9,10.39,2.26,7.95,0.03,39.14,0.8,
20190310,10-Mar-2019,0.494,0.506,0,0.7,7.89,0.42,12.47,3.12,7.49,1.95,10.26,2.26,7.97,0.03,39.45,0.8,
20190311,11-Mar-2019,0.483,0.517,0,0.77,7.91,0.35,12.68,3.15,7.5,1.92,10.29,2.33,7.99,0.03,39.92,0.8,
20190312,12-Mar-2019,0.498,0.502,0,0.81,7.91,0.34,12.78,3.17,7.54,1.85,10.39,2.41,7.92,0.03,38.95,0.84,
20190313,13-Mar-2019,0.382,0.618,0,0.94,7.88,0.54,12.6,3.22,7.56,1.78,10.48,2.53,8,0.03,38.69,0.87,
20190314,14-Mar-2019,0.43,0.57,0,0.9,7.85,1.03,12.8,3.23,7.55,1.82,10.48,2.72,7.93,0.03,39.61,0.87,
20190315,15-Mar-2019,0.48,0.52,0,0.64,7.9,0.57,13.26,3.27,7.58,1.79,10.55,2.39,7.94,0.03,39.75,0.92,
20190316,16-Mar-2019,0.493,0.507,0,0.71,7.89,0.57,13.37,3.29,7.6,1.74,10.61,2.36,8.01,0.03,39.62,0.84,
20190317,17-Mar-2019,0.487,0.513,0,0.81,7.89,0.49,13.48,3.33,7.59,1.77,10.54,2.39,7.95,0.03,39.31,0.81,
20190318,18-Mar-2019,0.487,0.513,0,1.04,7.87,0.48,12.88,3.4,7.6,1.69,10.56,2.54,8.08,0.04,39.76,0.79,
20190319,19-Mar-2019,0.496,0.504,0,1.31,7.86,0.49,12.14,3.44,7.59,1.69,10.51,2.61,8.03,0.04,40.3,0.8,
20190320,20-Mar-2019,0.474,0.526,0,1.79,7.85,0.48,12.08,3.44,7.56,1.74,10.42,2.75,7.92,0.04,39.31,0.8,
20190321,21-Mar-2019,0.495,0.505,0,2.71,7.83,0.46,11.77,3.51,7.59,1.66,10.49,3.3,8.01,0.04,39.6,0.79,
20190322,22-Mar-2019,0.445,0.555,0,3.18,7.84,0.45,11.7,3.58,7.59,1.67,10.49,3.58,8.01,0.04,38.7,0.78,
20190323,23-Mar-2019,0.487,0.513,0,3.15,7.84,1.24,11.7,3.61,7.61,1.58,10.51,3.65,8.01,0.04,39.65,0.81,
20190324,24-Mar-2019,0.494,0.506,0,2.81,7.86,0.47,12,3.58,7.62,1.57,10.53,3.56,7.99,0.04,39.49,0.83,
20190325,25-Mar-2019,0.491,0.509,0,3.75,7.84,0.48,11.79,3.73,7.62,1.54,10.54,4.01,7.91,0.04,39.33,0.82,
20190326,26-Mar-2019,0.489,0.511,0,4.62,7.82,0.45,11.59,3.8,7.61,1.59,10.49,4.55,7.97,0.04,39.64,0.8,
20190327,27-Mar-2019,0.495,0.505,0,4.72,7.83,0.47,11.59,3.93,7.62,1.54,10.5,4.52,7.94,0.04,38.64,0.78,
20190328,28-Mar-2019,0.462,0.538,0,6.15,7.78,0.53,11.03,3.92,7.59,1.6,10.39,5.21,7.97,0.04,38.73,0.78,
20190329,29-Mar-2019,0.476,0.524,0,6.24,7.76,0.56,11.18,4.05,7.58,1.64,10.34,5.37,7.91,0.04,38.49,0.8,
20190330,30-Mar-2019,0.478,0.522,0,3.85,7.77,0.72,12.42,4.03,7.59,1.57,10.38,4.42,7.94,0.04,38.22,0.8,
20190331,31-Mar-2019,0.478,0.522,0,3.8,7.81,0.71,12.52,4.14,7.62,1.48,10.43,4.2,7.91,0.04,38.7,0.82,
20190401,01-Apr-2019,0.481,0.519,0,5.19,7.8,0.54,11.21,4.33,7.61,1.5,10.41,4.88,7.89,0.04,38.44,0.84,
20190402,02-Apr-2019,0.499,0.501,0,5.34,7.83,0.56,10.31,4.54,7.6,1.52,10.35,5.03,7.91,0.04,38.62,0.83,
20190403,03-Apr-2019,0.494,0.506,0,6.09,7.83,0.6,10.09,4.48,7.58,1.54,10.26,5.34,7.88,0.04,39.1,0.8,
20190404,04-Apr-2019,0.51,0.49,0,6.82,7.82,0.58,9.91,4.46,7.57,1.51,10.22,5.82,7.88,0.03,38.04,0.85,
20190405,05-Apr-2019,0.516,0.484,0,6.95,7.84,0.66,9.98,4.49,7.57,1.52,10.2,5.85,7.94,0.03,37.77,0.84,
20190406,06-Apr-2019,0.479,0.521,0,7.93,7.81,0.72,9.63,4.57,7.56,1.52,10.15,6.36,7.95,0.03,37.73,0.83,
20190407,07-Apr-2019,0.483,0.517,0,8.34,7.77,0.71,9.54,4.66,7.57,1.46,10.16,6.71,7.96,0.03,38.41,0.8,
20190408,08-Apr-2019,0.502,0.498,0,9.03,7.75,0.75,9.46,4.87,7.54,1.57,10.06,6.95,7.91,0.03,38.13,0.8,
20190409,09-Apr-2019,0.495,0.505,0,9.69,7.74,0.85,9.29,4.95,7.52,1.54,9.98,7.25,7.94,0.03,38.46,0.82,
20190410,10-Apr-2019,0.501,0.499,0,8.77,7.72,1.01,9.52,5.09,7.54,1.46,10.03,7.04,8,0.03,38.12,0.82,
20190411,11-Apr-2019,0.491,0.509,0,5.03,7.82,1.27,11.38,5.39,7.59,1.38,10.09,5.53,8.02,0.03,38.16,0.82,
20190412,12-Apr-2019,0.519,0.481,0,4.96,7.85,1.02,11.25,5.39,7.58,1.38,10.09,5.13,7.92,0.03,38.38,0.82,
20190413,13-Apr-2019,0.509,0.491,0,4.41,7.88,0.98,11.67,5.54,7.59,1.4,10.1,4.99,7.93,0.03,38.49,0.84,
20190414,14-Apr-2019,0.492,0.508,0,4.8,7.86,1.03,11.42,5.51,7.58,1.4,10.07,5,7.95,0.03,38.31,0.86,
20190415,15-Apr-2019,0.5,0.5,0,6.66,7.83,1.08,10.53,5.54,7.57,1.42,10.08,6.08,7.99,0.04,39.35,0.82,
20190416,16-Apr-2019,0.522,0.478,0,7.26,7.82,1.14,10.34,5.54,7.56,1.39,10.04,6.65,8.01,0.04,39.82,0.78,
20190417,17-Apr-2019,0.461,0.539,0,8.49,7.79,1.19,9.88,5.54,7.53,1.45,9.95,7.22,8.03,0.04,39.36,0.81,
20190418,18-Apr-2019,0.463,0.537,0,9.01,7.78,1.4,9.91,5.7,7.55,1.42,9.99,7.4,8.06,0.04,39.58,0.84,
20190419,19-Apr-2019,0.475,0.525,0,9.65,7.74,1.48,9.71,5.77,7.55,1.43,9.94,7.9,8.05,0.04,39.3,0.82,
20190420,20-Apr-2019,0.472,0.528,0,10.83,7.7,1.75,9.2,5.86,7.55,1.4,9.91,8.44,8.01,0.04,38.93,0.81,
20190421,21-Apr-2019,0.48,0.52,0,10.04,7.7,2.42,9.48,5.87,7.53,1.41,9.86,8.22,8.01,0.05,38.33,0.82,
20190422,22-Apr-2019,0.471,0.529,0,9.27,7.65,3.39,9.91,5.88,7.51,1.41,9.78,7.89,8.13,0.05,38.2,0.82,
20190423,23-Apr-2019,0.461,0.539,0,7.83,7.66,4.31,10.56,5.87,7.51,1.39,9.79,7.19,7.93,0.05,37.33,0.8,
20190424,24-Apr-2019,0.437,0.563,0,10.12,7.6,3.97,9.52,5.95,7.51,1.41,9.73,7.97,8.03,0.05,38.66,0.78,
20190425,25-Apr-2019,0.39,0.61,0,9.98,7.61,4.02,9.66,5.97,7.5,1.41,9.7,7.79,8,0.04,38.66,0.82,
20190426,26-Apr-2019,0.398,0.602,0,10.62,7.58,5.07,9.48,6.08,7.5,1.43,9.68,8.04,8.02,0.04,37.87,0.82,
20190427,27-Apr-2019,0.389,0.611,0,10.07,7.54,7.9,9.67,6.19,7.5,1.4,9.69,8.04,8.1,0.04,37.9,0.74,
20190428,28-Apr-2019,0.335,0.665,0,9.91,7.45,9.08,9.6,6.27,7.5,1.41,9.7,7.81,8.1,0.05,37.48,0.75,
20190429,29-Apr-2019,0.392,0.608,0,9.09,7.47,7.71,10.03,6.28,7.49,1.45,9.63,7.65,8.02,0.05,37.51,0.83,
20190430,30-Apr-2019,0.393,0.607,0,5.07,7.57,6.22,11.99,6.26,7.49,1.41,9.61,6.43,7.97,0.04,38.25,0.8,
20190501,01-May-2019,0.381,0.619,0,4.36,7.58,5.68,12.18,6.22,7.47,1.37,9.56,5.8,8.02,0.04,37.63,0.82,
20190502,02-May-2019,0.421,0.579,0,5.85,7.53,5.19,11.29,6.26,7.46,1.36,9.51,6.15,7.97,0.04,38.44,0.8,
20190503,03-May-2019,0.383,0.617,0,7.38,7.53,5.5,10.59,6.27,7.46,1.35,9.45,6.81,7.99,0.03,37.64,0.83,
20190504,04-May-2019,0.402,0.598,0,9.05,7.54,5.87,10.06,6.35,7.46,1.38,9.44,7.56,8.04,0.03,38.99,0.81,
20190505,05-May-2019,0.404,0.596,0,9.79,7.53,5.17,9.77,6.41,7.45,1.37,9.43,8.13,8.03,0.03,38.58,0.81,
20190506,06-May-2019,0.393,0.607,0,10.71,7.52,5.02,9.41,6.44,7.44,1.37,9.42,8.19,8.05,0.03,38.98,0.85,
20190507,07-May-2019,0.419,0.581,0,10.69,7.53,4.97,9.45,6.52,7.43,1.31,9.34,8.64,8,0.03,38.28,0.86,
20190508,08-May-2019,0.429,0.571,0,9.26,7.52,5.62,10.05,6.53,7.41,1.33,9.28,8.02,8.03,0.03,38.41,0.77,
20190509,09-May-2019,0.446,0.554,0,7.6,7.53,7.28,10.99,6.6,7.43,1.48,9.3,7.53,8,0.03,39.26,0.82,
20190510,10-May-2019,0.461,0.539,0,6.2,7.56,4.91,11.58,6.57,7.42,1.24,9.28,6.73,7.98,0.03,37.89,0.8,
20190511,11-May-2019,0.431,0.569,0,7.39,7.54,4.99,10.92,6.57,7.42,1.2,9.24,7.02,8.09,0.03,38.21,0.8,
20190512,12-May-2019,0.394,0.606,0,8.21,7.53,4.72,10.61,6.67,7.42,1.21,9.19,7.38,8.21,0.03,39.07,0.81,
20190513,13-May-2019,0.336,0.664,0,10.19,7.49,4.87,9.61,6.73,7.41,1.23,9.14,7.99,8.03,0.03,38.6,0.83,
20190514,14-May-2019,0.291,0.709,0,10.81,7.47,5.34,9.45,6.76,7.4,1.22,9.11,8.1,7.98,0.03,38.03,0.84,
20190515,15-May-2019,0.299,0.701,0,10.97,7.4,7.8,9.43,6.81,7.4,1.22,9.09,8.2,8.04,0.03,37.99,0.81,
20190516,16-May-2019,0.303,0.697,0,11.15,7.29,11.11,9.3,6.83,7.39,1.25,9.05,8.26,8.17,0.03,39.45,0.79,
20190517,17-May-2019,0.276,0.724,0,9.66,7.28,11.71,9.94,6.74,7.37,1.34,8.95,7.88,8.09,0.03,37.75,0.77,
20190518,18-May-2019,0.309,0.691,0,8.57,7.27,8.02,10.38,6.75,7.37,1.27,8.95,7.59,8.05,0.04,38.54,0.78,
20190519,19-May-2019,0.333,0.667,0,8.44,7.29,5.66,10.37,6.75,7.36,1.27,8.92,7.51,7.93,0.04,38.38,0.78,
20190520,20-May-2019,0.321,0.679,0,7.25,7.36,5.22,10.61,6.75,7.36,1.21,8.92,7.21,7.94,0.04,39.2,0.83,
20190521,21-May-2019,0.314,0.686,0,6.14,7.43,4.4,10.23,6.97,7.35,1.18,8.85,7.5,8.01,0.04,38.42,0.86,
20190522,22-May-2019,0.334,0.666,0,6.05,7.47,4.82,10.14,6.87,7.28,1.23,8.76,7.09,7.95,0.04,37.97,0.93,
20190523,23-May-2019,0.34,0.66,0,6.52,7.52,4.23,9.95,6.83,7.21,1.19,8.8,6.89,7.97,0.03,38.72,0.87,
20190524,24-May-2019,0.347,0.653,0,6.83,7.51,4.03,9.81,6.89,7.2,1.27,8.75,7.05,8.08,0.03,39.41,0.81,
20190525,25-May-2019,0.383,0.617,0,8.62,7.5,5.35,9.05,6.99,7.19,1.2,8.7,7.56,8.05,0.04,39.65,0.86,
20190526,26-May-2019,0.377,0.623,0,10.89,7.46,5.79,8.43,7.28,7.19,1.17,8.67,8.57,8.05,0.04,40.09,0.87,
20190527,27-May-2019,0.376,0.624,0,10.73,7.42,4.53,8.46,7.42,7.19,1.15,8.63,8.69,8.06,0.03,39.84,0.84,
20190528,28-May-2019,0.389,0.611,0,9.07,7.42,4.82,9.05,7.28,7.33,1.15,8.6,8.22,7.96,0.03,38.35,0.82,
20190529,29-May-2019,0.385,0.615,0,8.14,7.44,5.38,9.46,7.32,7.4,1.1,8.66,7.92,7.97,0.03,38.17,0.81,
20190530,30-May-2019,0.376,0.624,0,8.61,7.46,5.43,9.27,7.34,7.39,1.12,8.57,7.92,7.93,0.03,38.07,0.8,
20190531,31-May-2019,0.365,0.635,0,9.7,7.45,5.9,8.89,7.37,7.38,1.11,8.51,8.3,8.05,0.03,38.43,0.82,
20190601,01-Jun-2019,0.37,0.63,0,9.83,7.45,5.69,8.96,7.43,7.37,1.12,8.5,8.43,8.04,0.03,38.83,0.83,
20190602,02-Jun-2019,0.379,0.621,0,10.47,7.38,6.32,8.71,7.48,7.36,1.13,8.43,8.71,8.1,0.03,38.96,0.82,
20190603,03-Jun-2019,0.403,0.597,0,9.87,7.32,6.72,8.98,7.53,7.36,1.11,8.42,8.65,8.11,0.03,38.13,0.8,
20190604,04-Jun-2019,0.405,0.595,0,9.91,7.35,8.67,8.9,7.56,7.35,1.14,8.33,8.58,8.01,0.03,38.3,0.79,
20190605,05-Jun-2019,0.375,0.625,0,10.23,7.36,8.7,8.88,7.21,7.35,1.28,8.32,8.63,8.08,0.03,38.73,0.77,
20190606,06-Jun-2019,0.392,0.608,0,9.85,7.28,7.53,9.14,7.43,7.3,1.21,8.25,8.55,8.06,0.03,37.51,0.79,
20190607,07-Jun-2019,0.382,0.618,0,10.58,7.12,10.71,8.78,7.31,7.24,1.22,8.23,9,8.1,0.03,37.06,0.81,
20190608,08-Jun-2019,0.262,0.738,0,9.87,7.08,13.23,9,7.33,7.22,1.22,8.17,8.46,7.91,0.03,37.44,0.82,
20190609,09-Jun-2019,0.164,0.836,0,9.27,7.05,8.04,8.86,7.31,7.22,1.2,8.16,7.86,7.92,0.03,37.82,0.88,
20190610,10-Jun-2019,0.23,0.77,0,8.94,7.09,7.88,9.49,7.36,7.22,1.22,8.14,8.03,8.03,0.03,38.45,0.9,
20190611,11-Jun-2019,0.227,0.773,0,9.48,7.11,5.86,9.1,7.45,7.22,1.15,8.13,8.02,8.01,0.03,39.13,0.85,
20190612,12-Jun-2019,0.231,0.769,0,9.17,7.13,5.23,9.27,7.47,7.21,1.28,8.07,7.99,8.04,0.03,39.43,0.83,
20190613,13-Jun-2019,0.273,0.727,0,10.36,7.1,7.63,8.81,7.32,7.21,1.17,8.04,8.34,8.06,0.03,39.27,0.9,
20190614,14-Jun-2019,0.299,0.701,0,10.49,7.06,7.86,8.84,7.27,7.2,1.16,8,8.57,8.02,0.03,38.74,0.9,
20190615,15-Jun-2019,0.3,0.7,0,9.97,7.07,7.25,9.05,7.28,7.21,1.12,8.02,8.49,7.98,0.03,38.3,0.84,
20190616,16-Jun-2019,0.295,0.705,0,9.67,7.09,6.06,9.18,7.3,7.2,1.13,7.95,8.4,7.96,0.03,38.66,0.83,
20190617,17-Jun-2019,0.296,0.704,0,9.95,7.08,5.52,9.03,7.33,7.2,1.09,7.88,8.49,8.04,0.03,38.43,0.84,
20190618,18-Jun-2019,0.293,0.707,0,9.55,7.09,5.11,9.15,7.32,7.19,1.09,7.82,8.4,7.99,0.03,37.59,0.83,
20190619,19-Jun-2019,0.319,0.681,0,9.48,7.09,6.67,9.16,7.32,7.19,1.14,7.79,8.42,8.04,0.03,38.81,0.84,
20190620,20-Jun-2019,0.307,0.693,0,10.57,7.06,10.28,8.77,7.35,7.18,1.1,7.74,8.79,8.01,0.03,39.19,0.82,
20190621,21-Jun-2019,0.296,0.686,0.018,10.16,7.05,10.28,8.92,7.31,7.17,1.11,7.7,8.73,8.03,0.03,39.45,0.83,
20190622,22-Jun-2019,0.291,0.684,0.025,8.77,7.05,8.93,9.5,7.27,7.17,1.11,7.7,8.43,7.91,0.03,38.37,0.85,
20190623,23-Jun-2019,0.288,0.684,0.028,8.68,7.09,6.38,9.39,7.26,7.17,1.13,7.65,8.32,8.03,0.03,38.43,0.82,
20190624,24-Jun-2019,0.326,0.659,0.016,8.52,7.24,9.64,9.51,7.42,7.24,1.09,7.64,8.22,8.02,0.03,38.96,0.85,
20190625,25-Jun-2019,0.338,0.662,0,10.13,7.26,5.56,9.02,7.62,7.27,1.06,7.67,8.75,7.95,0.04,38.91,0.81,
20190626,26-Jun-2019,0.363,0.637,0,10.39,7.28,4.47,8.99,7.57,7.27,1.2,7.59,8.86,8.08,0.04,39.14,0.83,
20190627,27-Jun-2019,0.372,0.628,0,10.57,7.3,3.81,9.01,7.38,7.26,1.13,7.57,9.04,8.05,0.04,40.5,0.86,
20190628,28-Jun-2019,0.379,0.621,0,11.81,7.26,2.86,8.65,7.39,7.25,1.17,7.49,9.37,7.93,0.04,39.81,0.84,
20190629,29-Jun-2019,0.379,0.621,0,12.67,7.22,1.84,8.47,7.48,7.24,1.17,7.46,9.89,7.86,0.04,38.97,0.81,
20190630,30-Jun-2019,0.363,0.637,0,12.06,7.2,3.34,8.61,7.53,7.24,1.2,7.43,9.69,7.91,0.04,39.46,0.83,
20190701,01-Jul-2019,0.356,0.644,0,11.42,7.17,7.35,8.78,7.53,7.24,1.31,7.36,9.38,7.98,0.04,39.58,0.84,
20190702,02-Jul-2019,0.366,0.634,0,12.38,7.12,8.12,8.41,7.56,7.24,1.27,7.33,9.8,7.92,0.03,39.59,0.8,
20190703,03-Jul-2019,0.339,0.661,0,12.02,7.23,9.02,8.58,7.59,7.23,1.33,7.28,9.54,7.88,0.03,39.11,0.84,
20190704,04-Jul-2019,0.334,0.666,0,12.53,7.26,6.24,8.44,7.62,7.23,1.35,7.23,9.63,7.94,0.03,40.34,0.83,
20190705,05-Jul-2019,0.367,0.633,0,12.73,7.29,4.53,8.45,7.81,7.23,1.34,7.2,9.95,7.92,0.03,39.88,0.82,
20190706,06-Jul-2019,0.383,0.617,0,12.87,7.3,3.61,8.4,7.9,7.23,1.28,7.17,10.15,7.8,0.03,39.34,0.8,
20190707,07-Jul-2019,0.372,0.628,0,12.74,7.35,4.37,8.4,7.92,7.23,1.3,7.14,9.93,,0.03,39.23,0.85,
20190708,08-Jul-2019,0.396,0.604,0,12.33,7.36,4.39,8.6,7.95,7.22,1.29,7.11,9.99,7.79,0.03,39.2,0.87,
20190709,09-Jul-2019,0.395,0.605,0,12.27,7.4,3.59,8.45,7.84,7.21,1.33,7.07,10,7.77,0.03,37.91,0.81,
20190710,10-Jul-2019,0.403,0.597,0,12.98,7.4,3.57,8.51,7.75,7.21,1.28,7.04,10.91,7.76,0.03,38.28,0.83,
20190711,11-Jul-2019,0.395,0.605,0,14.09,7.33,3.61,8.31,7.88,7.11,1.28,7.01,10.39,7.97,0.03,38.14,0.86,
20190712,12-Jul-2019,0.395,0.605,0,13.92,7.24,3.57,8.25,7.8,6.97,1.29,6.95,10.55,7.9,0.03,37.75,0.83,
20190713,13-Jul-2019,0.394,0.606,0,13.37,7.25,3.62,8.23,7.8,6.95,1.29,6.9,10.23,8.03,0.03,38.97,0.82,
20190714,14-Jul-2019,0.397,0.603,0,13.59,7.24,3.4,5.66,7.84,6.95,1.31,6.87,10.41,7.95,0.03,38.88,0.82,
20190715,15-Jul-2019,0.4,0.6,0,13.89,7.23,2.55,6.88,7.88,6.96,1.25,6.85,10.53,8.04,0.03,39.35,0.83,
20190716,16-Jul-2019,0.34,0.66,0,13.19,7.22,1.73,8.03,7.94,6.96,1.22,6.8,10.17,8.01,0.03,38.93,0.79,
20190717,17-Jul-2019,0.392,0.608,0,14.31,7.23,2.64,8.09,7.97,6.95,1.16,6.73,10.64,8.04,0.03,39.33,0.81,
20190718,18-Jul-2019,0.401,0.599,0,14.47,7.26,1.57,8.05,7.93,6.95,1.14,6.76,10.68,7.98,0.03,38.91,0.82,
20190719,19-Jul-2019,0.379,0.621,0,14.84,7.22,2.24,8,7.96,6.94,1.24,6.7,10.79,8.08,0.03,37.6,0.83,
20190720,20-Jul-2019,0.383,0.617,0,15.18,7.19,2.22,7.9,7.97,6.94,1.16,6.66,10.99,7.86,0.03,,0.86,
20190721,21-Jul-2019,0.444,0.556,0,14.62,7.19,2.28,8,7.98,6.94,1.16,6.63,11.16,7.99,0.03,,0.85,
20190722,22-Jul-2019,0.505,0.495,0,14.58,7.27,1.65,8.11,8,7.09,1.12,6.58,11.42,7.94,0.03,39.2,0.86,
20190723,23-Jul-2019,0.514,0.486,0,14.81,7.28,1.44,8.03,7.99,7.14,1.11,6.52,11.8,7.94,0.03,39.39,0.83,
20190724,24-Jul-2019,0.465,0.535,0,15.3,7.28,1.83,7.63,8.03,7.13,1.13,6.49,11.88,7.93,0.03,38.48,0.83,
20190725,25-Jul-2019,0.433,0.567,0,15.16,7.25,1.54,6.89,8.03,7.13,1.11,6.48,11.48,8.1,0.03,39.02,0.8,
20190726,26-Jul-2019,0.44,0.56,0,14.99,7.25,1.64,6.8,8.01,7.13,1.15,6.4,11.44,8.03,0.03,40.84,0.83,
20190727,27-Jul-2019,0.441,0.559,0,14.11,7.26,1.77,5.26,8.03,7.12,1.19,6.35,11.11,8,0.04,40.91,0.82,
20190728,28-Jul-2019,0.416,0.584,0,14.47,7.22,1.67,4.59,8.03,7.12,1.24,6.33,11.01,8.07,0.03,41.38,0.82,
20190729,29-Jul-2019,0.441,0.559,0,15.24,7.24,1.47,5.98,8.16,7.13,1.27,6.28,11.4,8.07,0.03,41.29,0.82,
20190730,30-Jul-2019,0.343,0.657,0,15.3,7.24,1.8,7.65,8.42,7.12,1.2,6.24,11.1,7.87,0.03,41,0.84,
20190731,31-Jul-2019,0.302,0.698,0,14.68,7.24,2.01,7.83,8.5,7.12,1.25,6.2,10.32,7.97,0.03,40.78,0.86,
20190801,01-Aug-2019,0.302,0.698,0,14.94,7.24,2.08,7.85,8.45,7.13,1.26,6.18,10.46,7.95,0.03,41.56,0.82,
20190802,02-Aug-2019,0.303,0.697,0,14.58,7.26,1.93,7.92,8.35,7.12,1.31,6.14,10.32,7.98,0.03,41.19,0.83,
20190803,03-Aug-2019,0.297,0.703,0,15.1,7.25,2.21,7.75,8.36,7.12,1.4,6.09,10.42,7.99,0.04,40.99,0.85,
20190804,04-Aug-2019,0.299,0.701,0,16.09,7.25,1.99,7.39,8.41,7.11,1.5,6,10.7,7.89,0.04,40.96,0.83,
20190805,05-Aug-2019,0.299,0.701,0,15.37,7.27,2.02,7.83,8.36,7.11,1.72,5.96,10.57,8.04,0.04,40.54,0.82,
20190806,06-Aug-2019,0.298,0.702,0,15.55,7.28,2,7.83,8.39,7.1,1.68,5.9,10.63,8.01,0.04,40.17,0.81,
20190807,07-Aug-2019,0.314,0.686,0,15.78,7.26,1.87,7.76,8.42,7.1,1.75,5.87,10.8,8.03,0.04,40.03,0.78,
20190808,08-Aug-2019,0.35,0.65,0,15.91,7.26,1.86,7.73,8.43,7.1,1.9,5.8,11.17,8.04,0.04,39.76,0.8,
20190809,09-Aug-2019,0.343,0.657,0,15.67,7.28,2,7.94,8.41,7.1,2.04,5.74,11.04,7.99,0.04,39.63,0.86,
20190810,10-Aug-2019,0.346,0.654,0,16.65,7.25,1.9,7.16,8.45,7.1,1.85,5.79,11.47,7.99,0.04,39.81,0.83,
20190811,11-Aug-2019,0.346,0.654,0,15.67,7.27,1.55,7.82,8.41,7.09,2.23,5.62,11.14,7.99,0.04,40.7,0.81,
20190812,12-Aug-2019,0.346,0.654,0,14.53,7.32,1.98,8.38,8.43,7.09,2.23,5.61,10.77,8.03,0.04,39.82,0.84,
20190813,13-Aug-2019,0.341,0.659,0,15.46,7.29,1.62,8.11,8.47,7.08,2.25,5.56,10.95,7.99,0.04,40.15,0.83,
20190814,14-Aug-2019,0.348,0.652,0,15.88,7.29,1.67,8.04,8.49,7.08,2.18,5.54,11.17,7.96,0.04,39.73,0.82,
20190815,15-Aug-2019,0.264,0.736,0,15.28,7.27,1.7,7.78,8.5,7.08,2.2,5.51,10.64,7.9,0.04,39.5,0.82,
20190816,16-Aug-2019,0.424,0.576,0,16.09,7.31,1.93,8.11,8.53,7.08,2.18,5.45,11.66,7.97,0.04,39.55,0.82,
20190817,17-Aug-2019,0.491,0.509,0,15.18,7.35,1.51,8.43,8.55,7.07,2.24,5.4,12.26,7.85,0.04,39.29,0.8,
20190818,18-Aug-2019,0.493,0.507,0,15.06,7.34,1.45,8.49,8.54,7.07,2.38,5.29,12.04,7.91,0.04,39.34,0.83,
20190819,19-Aug-2019,0.531,0.469,0,15.91,7.3,1.7,8.37,8.72,7.04,2.37,5.24,12.63,7.9,0.04,39.48,0.86,
20190820,20-Aug-2019,0.542,0.458,0,16.42,7.23,1.51,8.31,8.63,7,2.35,5.2,13.22,7.94,0.04,39.39,0.82,
20190821,21-Aug-2019,0.544,0.456,0,16.95,7.22,1.39,8.21,8.66,7,2.47,5.12,13.5,7.92,0.04,38.99,0.81,
20190822,22-Aug-2019,0.549,0.451,0,16.82,7.25,1.36,8.24,8.66,7,2.37,5.14,13.54,8,0.04,39.31,0.84,
20190823,23-Aug-2019,0.54,0.46,0,16.07,7.24,1.33,8.49,8.64,6.99,2.63,5.04,13.22,7.97,0.04,38.46,0.85,
20190824,24-Aug-2019,0.545,0.455,0,15.47,7.26,1.33,8.69,8.67,7,2.59,5.02,12.78,8.08,0.04,38.9,0.83,
20190825,25-Aug-2019,0.545,0.455,0,15.54,7.25,1.32,8.68,8.71,6.99,2.68,4.95,12.81,8.13,0.04,39.82,0.82,
20190826,26-Aug-2019,0.549,0.451,0,16.43,7.31,1.39,8.49,8.98,7.06,2.64,4.92,13.24,8.04,0.04,39.92,0.83,
20190827,27-Aug-2019,0.548,0.452,0,15.94,7.33,1.4,8.71,9.04,7.09,2.73,4.83,13.16,8.01,0.03,39.75,0.83,
20190828,28-Aug-2019,0.545,0.455,0,15.53,7.33,1.4,8.87,9.07,7.09,2.61,4.84,12.89,8.08,0.03,38.82,0.86,
20190829,29-Aug-2019,0.546,0.454,0,15.47,7.39,1.35,8.93,9.1,7.09,2.74,4.75,12.85,8.09,0.03,40.6,0.82,
20190830,30-Aug-2019,0.547,0.453,0,15.76,7.34,1.34,8.9,9.45,7.09,2.66,4.67,12.94,8.18,0.03,40.27,0.82,
20190831,31-Aug-2019,0.563,0.437,0,16.21,7.33,1.4,8.86,9.67,7.09,2.93,4.59,13.27,8.29,0.03,40.67,0.81,
20190901,01-Sep-2019,0.613,0.387,0,16.19,7.32,1.47,8.94,9.67,7.09,3,4.58,13.67,8.11,0.03,40.68,0.81,
20190902,02-Sep-2019,0.574,0.426,0,16.73,7.32,1.44,8.88,9.32,7.08,3.17,4.54,13.85,7.96,0.03,40.33,0.83,
20190903,03-Sep-2019,0.562,0.438,0,16.91,7.37,1.36,8.41,9.33,7.07,3.28,4.47,13.54,8.02,0.03,40.4,0.84,
20190904,04-Sep-2019,0.605,0.395,0,17.45,7.38,1.39,7.63,9.28,7.07,3.53,4.41,14.27,8.01,0.03,40.26,0.83,
20190905,05-Sep-2019,0.601,0.399,0,17.25,7.36,1.27,7.76,9.21,7.07,3.14,4.43,14.29,8.03,0.03,40.44,0.88,
20190906,06-Sep-2019,0.629,0.371,0,16.75,7.36,1.22,7.93,9.24,7.07,3.07,4.37,14.17,8,0.03,39.49,0.85,
20190907,07-Sep-2019,0.656,0.344,0,16.56,7.37,1.51,8,9.25,7.07,3.25,4.28,14.21,8.09,0.03,39.14,0.83,
20190908,08-Sep-2019,0.72,0.28,0,15.71,7.38,1.46,8.23,9.27,7.07,3.3,4.22,14.37,7.99,0.03,39.26,0.81,
20190909,09-Sep-2019,0.666,0.334,0,15.07,7.37,1.35,8.35,9.25,7.06,3.52,4.12,13.91,8.08,0.03,40.39,0.81,
20190910,10-Sep-2019,0.684,0.316,0,15.75,7.35,1.55,8.25,9.43,6.99,3.61,4.04,13.69,7.93,0.03,38.13,0.83,
20190911,11-Sep-2019,0.622,0.378,0,15.26,7.35,1.37,8.3,9.27,6.95,3.81,3.96,13.54,8,0.03,38.72,0.84,
20190912,12-Sep-2019,0.542,0.458,0,13.13,7.36,1.2,8.58,9.29,6.96,3.44,4,11.92,8.03,0.03,39.49,0.83,
20190913,13-Sep-2019,0.497,0.503,0,13.56,7.37,1.23,8.62,9.32,6.95,3.49,3.92,11.4,8.01,0.03,38.54,0.84,
20190914,14-Sep-2019,0.616,0.384,0,13.64,7.39,1.21,9.03,9.31,6.95,3.25,3.89,12.07,8.01,0.03,36.62,0.83,
20190915,15-Sep-2019,0.614,0.386,0,14.15,7.39,1.16,8.94,9.33,6.95,3.32,3.77,12.48,8.04,0.03,37.33,0.82,
20190916,16-Sep-2019,0.566,0.434,0,14.76,7.42,1.05,8.74,9.37,6.94,3.14,3.73,12.53,7.96,0.03,38.53,0.82,
20190917,17-Sep-2019,0.582,0.418,0,14.89,7.39,0.96,8.72,9.37,6.94,3,3.66,12.7,8.02,0.03,38.06,0.82,
20190918,18-Sep-2019,0.568,0.432,0,14.5,7.41,0.9,8.91,9.38,6.94,2.88,3.62,12.54,7.97,0.03,37,0.84,
20190919,19-Sep-2019,0.578,0.422,0,13.67,7.44,0.79,9.23,9.42,6.94,2.78,3.55,12.03,8.09,0.03,38.36,0.85,
20190920,20-Sep-2019,0.594,0.406,0,14.49,7.43,0.78,8.97,9.44,6.94,2.69,3.49,12.54,7.97,0.03,37.54,0.86,
20190921,21-Sep-2019,0.584,0.416,0,13.18,7.45,0.76,9.47,9.45,6.94,2.64,3.38,12.13,7.9,0.03,37.41,0.85,
20190922,22-Sep-2019,0.584,0.416,0,12.27,7.46,0.73,9.9,9.43,6.94,2.6,3.31,11.41,7.96,0.03,37.59,0.85,
20190923,23-Sep-2019,0.603,0.397,0,12.11,7.49,0.73,10.07,9.47,6.94,2.49,3.26,11.3,8.05,0.03,39.1,0.85,
20190924,24-Sep-2019,0.566,0.434,0,12.14,7.48,0.71,10.12,9.49,6.93,2.46,3.18,11.23,7.9,0.03,38.06,0.85,
20190925,25-Sep-2019,0.517,0.483,0,13.22,7.47,0.66,9.15,9.5,6.93,2.45,3.11,11.31,7.99,0.03,37.52,0.86,
20190926,26-Sep-2019,0.6,0.4,0,13.13,7.5,0.71,9.02,9.54,6.93,2.35,3.1,11.88,7.98,0.03,38.29,0.85,
20190927,27-Sep-2019,0.587,0.413,0,13.31,7.5,0.69,8.93,9.51,6.93,2.39,3.03,12.02,8.03,0.03,39.51,0.85,
20190928,28-Sep-2019,0.592,0.408,0,12.41,7.48,0.68,9.21,9.5,6.93,2.38,2.91,11.8,8.06,0.03,40.13,0.84,
20190929,29-Sep-2019,0.591,0.409,0,12.49,7.52,0.71,9.3,9.51,6.92,2.39,2.86,11.28,7.93,0.03,40.27,0.86,
20190930,30-Sep-2019,0.59,0.41,0,12.68,7.5,0.64,9.29,9.52,6.92,2.39,2.83,11.88,7.93,0.03,39.72,0.87,
20191001,01-Oct-2019,0.586,0.414,0,11.94,7.54,0.82,9.54,9.5,6.92,2.42,2.72,11.67,7.89,0.03,37.98,0.79,
20191002,02-Oct-2019,0.54,0.46,0,10.7,7.52,0.66,10.06,9.46,6.92,2.47,2.64,10.89,8,0.03,39.6,0.83,
20191003,03-Oct-2019,0.55,0.45,0,10.27,7.59,0.65,10.38,9.44,6.92,2.48,2.61,10.28,7.95,0.03,40.19,0.88,
20191004,04-Oct-2019,0.595,0.405,0,10.39,7.61,0.55,10.32,9.47,6.92,2.61,2.56,10.63,7.98,0.03,39.47,0.84,
20191005,05-Oct-2019,0.581,0.419,0,9.51,7.62,0.56,10.7,9.59,6.92,2.51,2.63,10.24,7.94,0.03,39.71,0.82,
20191006,06-Oct-2019,0.529,0.471,0,9.17,7.62,0.47,10.92,9.65,6.92,2.44,2.61,9.97,7.94,0.03,40.07,0.84,
20191007,07-Oct-2019,0.587,0.413,0,8.49,7.65,0.51,11.06,9.41,6.92,2.42,2.55,9.31,8.04,0.03,39.71,0.84,
20191008,08-Oct-2019,0.586,0.414,0,7.84,7.66,0.46,10.98,9.32,6.92,2.36,2.46,8.88,7.91,0.03,39.27,0.81,
20191009,09-Oct-2019,0.836,0.137,0.027,8.15,7.68,0.49,10.88,9.82,6.89,2.45,3.73,8.52,7.96,0.03,39.09,0.8,
20191010,10-Oct-2019,0.968,0,0.032,6.56,7.66,0.64,11.57,,,,,7.9,8,0.03,39.9,0.83,
20191011,11-Oct-2019,0.488,0.507,0.005,5.27,7.67,0.57,12.08,9.27,6.93,2.88,2.21,7.56,7.88,0.03,38.47,0.85,
20191012,12-Oct-2019,0,1,0,,,,,9.23,6.92,2.77,2.19,9.13,8.14,0.03,36.55,0.79,
20191013,13-Oct-2019,0.209,0.791,0,8.17,7.52,1.04,14.57,9.16,6.92,2.85,2.06,9.13,8.08,0.03,37.83,0.75,
20191014,14-Oct-2019,0.272,0.728,0,6.74,7.59,0.98,13.62,9.18,6.92,2.85,2.53,8.82,8.03,0.03,40.17,0.76,
20191015,15-Oct-2019,0.279,0.721,0,6.98,7.58,0.71,11.36,9.17,6.92,2.97,2.84,8.81,8.03,0.03,40.47,0.8,
20191016,16-Oct-2019,0.269,0.731,0,7.01,7.6,0.48,11.13,9.2,6.92,3.13,2.69,8.76,8.02,0.03,40.08,0.82,
20191017,17-Oct-2019,0.278,0.722,0,6.74,7.63,0.55,11.04,9.2,6.92,3.19,2.58,8.7,7.96,0.03,40.15,0.84,
20191018,18-Oct-2019,0.281,0.719,0,7.02,7.64,0.69,10.64,9.21,6.92,3.29,2.48,8.75,8.01,0.03,40.31,0.85,
20191019,19-Oct-2019,0.276,0.724,0,7.03,7.63,0.48,10.65,9.23,6.92,3.39,2.43,8.77,8.03,0.03,40.99,0.82,
20191020,20-Oct-2019,0.285,0.715,0,6.62,7.62,0.48,10.81,9.33,6.92,3.23,2.53,8.75,8.02,0.03,41.18,0.82,
20191021,21-Oct-2019,0.375,0.625,0,4.78,7.67,0.64,11.74,9.64,6.91,3.07,2.51,7.95,8.03,0.03,39.5,0.82,
20191022,22-Oct-2019,0.359,0.641,0,4.97,7.69,0.46,11.79,9.78,6.91,2.99,2.44,7.92,8.06,0.03,38.31,0.79,
20191023,23-Oct-2019,0.379,0.621,0,5.8,7.66,0.47,11.4,9.85,6.92,2.95,2.4,8.12,7.97,0.03,37.26,0.83,
20191024,24-Oct-2019,0.395,0.605,0,5.72,7.69,0.61,11.7,9.81,6.91,3.15,2.22,8,8.02,0.03,38.19,0.85,
20191025,25-Oct-2019,0.422,0.578,0,4.72,7.72,0.58,12.37,9.81,6.91,3.18,2.11,7.84,8,0.03,38.34,0.82,
20191026,26-Oct-2019,0.43,0.57,0,5.05,7.7,0.81,11.91,9.82,6.91,3.39,1.97,7.59,7.98,0.03,39.18,0.8,
20191027,27-Oct-2019,0.438,0.562,0,5.39,7.67,0.92,11.71,9.81,6.91,3.51,1.84,7.77,7.96,0.03,39.24,0.78,
20191028,28-Oct-2019,0.175,0.825,0,4.81,7.68,0.75,12.49,9.78,6.91,3.58,1.92,8.72,7.92,0.03,39.96,0.77,
20191029,29-Oct-2019,0.372,0.628,0,3.42,7.7,0.86,12.48,9.73,6.9,3.68,1.76,7.86,7.98,0.03,39.15,0.77,
20191030,30-Oct-2019,0.394,0.606,0,2.77,7.75,1.26,11.84,9.92,6.98,3.36,3.52,7.28,7.9,0.03,39.03,0.82,
20191031,31-Oct-2019,0.284,0.716,0,2.71,7.76,1.19,11.93,10.29,7.15,2.82,6.93,7.88,8.11,0.03,38.77,0.89,
20191101,01-Nov-2019,0.235,0.765,0,3.1,7.75,0.78,11.85,10.45,7.36,2.38,9.32,8.96,8.03,0.03,38.96,0.93,
20191102,02-Nov-2019,0.254,0.746,0,2.85,7.77,0.62,12.13,10.43,7.43,2.33,9.84,8.75,7.92,0.03,39.32,0.84,
20191103,03-Nov-2019,0.257,0.743,0,2.62,7.78,0.53,12.32,10.36,7.47,2.31,10.1,8.66,7.94,0.03,39.56,0.82,
20191104,04-Nov-2019,0.267,0.733,0,2.55,7.79,0.46,12.42,10.33,7.49,2.31,10.21,8.48,7.98,0.03,40.2,0.82,
20191105,05-Nov-2019,0.311,0.689,0,2.46,7.8,0.5,12.4,10.28,7.5,2.31,10.31,8.39,7.94,0.03,39.95,0.82,
20191106,06-Nov-2019,0.391,0.609,0,1.92,7.81,0.92,12.43,10.25,7.49,2.36,10.27,7.2,7.94,0.03,39.77,0.79,
20191107,07-Nov-2019,0.324,0.676,0,2.6,7.8,0.5,12.67,10.21,7.52,2.25,10.48,7.92,8.01,0.03,40.43,0.84,
20191108,08-Nov-2019,0.339,0.661,0,2.74,7.8,0.41,12.98,10.09,7.56,2.09,10.73,7.92,7.96,0.03,40.03,0.87,
20191109,09-Nov-2019,0.322,0.678,0,3.11,7.8,0.4,12.86,9.99,7.57,2.11,10.74,7.97,7.93,0.03,40.01,0.9,
20191110,10-Nov-2019,0.333,0.667,0,3.98,7.78,0.4,12.56,9.93,7.54,2.25,10.55,8.14,7.9,0.03,40.11,0.89,
20191111,11-Nov-2019,0.34,0.66,0,3.9,7.79,0.38,12.97,9.89,7.56,2.25,10.71,8.18,7.92,0.03,39.78,0.85,
20191112,12-Nov-2019,0.276,0.724,0,2.25,7.74,0.38,13.26,9.7,7.59,2.27,9.9,7.89,7.95,0.03,39.82,0.83,
20191113,13-Nov-2019,0.271,0.729,0,2.01,7.64,0.36,12.07,9.56,7.59,2.17,8.64,7.89,7.77,0.03,38.73,0.79,
20191114,14-Nov-2019,0.364,0.636,0,2.43,7.64,0.44,11.96,9.52,7.57,2.23,8.57,7.46,7.95,0.03,39.03,0.81,
20191115,15-Nov-2019,0.446,0.554,0,2.6,7.63,0.44,12.09,9.5,7.57,2.25,8.61,6.88,8.02,0.03,39.47,0.84,
20191116,16-Nov-2019,0.494,0.506,0,3.03,7.64,0.42,11.99,9.47,7.56,2.3,8.56,6.68,7.98,0.03,40.38,0.83,
20191117,17-Nov-2019,0.608,0.392,0,3.35,7.65,0.47,12.17,9.42,7.59,2.23,8.71,6.46,7.99,0.03,40.63,0.81,
20191118,18-Nov-2019,0.629,0.371,0,3.58,7.65,0.42,12.18,9.18,7.61,2.28,8.82,5.97,8,0.03,40.25,0.81,
20191119,19-Nov-2019,0.591,0.409,0,3.92,7.64,0.38,12.33,9.1,7.61,2.22,8.76,6.72,7.92,0.03,40.09,0.87,
20191120,20-Nov-2019,0.601,0.399,0,3.62,7.64,0.37,12.63,9.03,7.61,2.4,8.8,6.33,7.89,0.03,39.88,0.89,
20191121,21-Nov-2019,0.582,0.418,0,3.37,7.64,0.38,13.14,8.91,7.62,2.25,8.84,6.36,7.97,0.03,40.29,0.86,
20191122,22-Nov-2019,0.566,0.434,0,1.8,7.69,0.37,14.23,8.76,7.64,2.23,8.93,5.46,7.89,0.03,39.41,0.86,
20191123,23-Nov-2019,0.566,0.434,0,1.36,7.71,0.37,14.59,8.61,7.64,2.14,8.97,5.06,7.86,0.04,39.28,0.88,
20191124,24-Nov-2019,0.528,0.472,0,1.34,7.73,0.36,14.77,8.49,7.67,2.21,9.06,5.15,7.94,0.04,39.35,0.87,
20191125,25-Nov-2019,0.477,0.523,0,2.01,7.71,0.42,12.96,8.51,7.51,2.11,9.14,5.57,7.98,0.04,38.47,0.85,
20191126,26-Nov-2019,0.513,0.487,0,1.47,7.66,1.09,11.03,8.1,7.53,2.23,9.15,5.19,7.87,0.04,38.68,0.81,
20191127,27-Nov-2019,0.429,0.571,0,1.55,7.64,0.49,11.21,7.84,7.54,2.21,9.21,5.14,7.84,0.04,38.66,0.82,
20191128,28-Nov-2019,0.328,0.672,0,1.84,7.64,0.36,11.37,7.65,7.56,2.05,9.29,6,7.94,0.04,38.83,0.88,
20191129,29-Nov-2019,0.339,0.661,0,1.86,7.68,0.29,11.49,7.49,7.57,2.04,9.35,5.91,7.86,0.04,38.47,0.86,
20191130,30-Nov-2019,0.361,0.639,0,1.83,7.68,0.32,11.56,7.34,7.59,2.04,9.45,5.73,7.86,0.04,38.99,0.81,
20191201,01-Dec-2019,0.35,0.65,0,1.81,7.67,0.38,11.73,7.15,7.6,2.11,9.53,5.62,7.91,0.04,38.42,0.83,
20191202,02-Dec-2019,0.454,0.546,0,1.44,7.66,0.43,12.07,7.03,7.62,2.13,9.57,5.2,7.82,0.03,38.77,0.87,
20191203,03-Dec-2019,0.338,0.662,0,1.1,7.7,0.36,12.1,6.97,7.65,2.13,9.7,4.83,8.04,0.02,38.14,0.92,
20191204,04-Dec-2019,0.199,0.801,0,1.89,7.67,0.29,12.2,6.92,7.66,2.09,9.74,6.24,8.02,0.02,38.95,0.85,
20191205,05-Dec-2019,0.201,0.799,0,2.1,7.64,0.3,12.34,6.87,7.67,2.12,9.78,6.21,7.97,0.02,38.82,0.83,
20191206,06-Dec-2019,0.201,0.799,0,2.11,7.63,0.32,12.43,6.78,7.66,2.16,9.77,6.19,8,0.02,38.8,0.84,
20191207,07-Dec-2019,0.202,0.798,0,2.07,7.64,0.31,12.7,6.67,7.66,2.2,9.77,6.07,7.99,0.02,38.79,0.84,
20191208,08-Dec-2019,0.21,0.79,0,2.04,7.66,0.3,12.8,6.66,7.67,2.21,9.79,6.01,7.85,0.02,38.91,0.84,
20191209,09-Dec-2019,0.202,0.798,0,2.05,7.65,0.32,12.22,6.64,7.72,2.1,9.92,6,7.84,0.02,38.92,0.84,
20191210,10-Dec-2019,0.209,0.791,0,2.03,7.66,0.32,11.81,6.58,7.73,2.06,9.98,5.95,7.86,0.02,38.99,0.83,
20191211,11-Dec-2019,0.2,0.8,0,2,7.68,0.32,12.06,6.45,7.75,2.18,10.05,5.88,7.84,0.02,38.98,0.83,
20191212,12-Dec-2019,0.209,0.791,0,1.97,7.69,0.31,12.17,6.36,7.75,2.28,10.06,6.03,7.99,0.02,39.01,0.84,
20191213,13-Dec-2019,0.291,0.709,0,1.68,7.7,0.46,12.18,6.26,7.79,2.18,10.21,5.5,8,0.02,39.27,0.84,
20191214,14-Dec-2019,0.493,0.507,0,0.91,7.75,0.5,12.36,6.17,7.82,2.16,10.28,4.01,7.98,0.02,40.5,0.83,
20191215,15-Dec-2019,0.526,0.474,0,0.9,7.72,0.4,12.38,6.01,7.83,2.18,10.33,3.68,7.99,0.02,40.03,0.83,
20191216,16-Dec-2019,0.481,0.519,0,1.1,7.71,0.38,12.53,5.88,7.74,2.25,10.39,3.77,7.99,0.02,39.23,0.84,
20191217,17-Dec-2019,0.492,0.508,0,0.97,7.72,0.37,12.78,5.74,7.67,2.31,10.42,3.76,7.91,0.02,37.75,0.9,
20191218,18-Dec-2019,0.516,0.484,0,0.8,7.75,0.38,12.93,5.58,7.7,2.34,10.53,3.42,8,0.02,37.59,0.88,
20191219,19-Dec-2019,0.48,0.52,0,0.85,7.74,0.36,12.9,5.47,7.73,2.35,10.59,3.46,8.09,0.02,39.44,0.85,
20191220,20-Dec-2019,0.482,0.518,0,0.92,7.75,0.38,13.07,5.45,7.75,2.32,10.64,3.57,8.04,0.02,39.72,0.85,
20191221,21-Dec-2019,0.48,0.52,0,0.9,7.75,0.38,13.25,5.41,7.83,2.25,10.75,3.55,8.05,0.02,39.7,0.86,
20191222,22-Dec-2019,0.467,0.533,0,0.9,7.75,0.4,13.3,5.4,7.79,2.28,10.68,3.55,8.11,0.02,39.73,0.86,
20191223,23-Dec-2019,0.473,0.527,0,0.86,7.74,0.4,13.32,5.39,7.77,2.29,10.64,3.72,8.01,0.02,39.83,0.86,
20191224,24-Dec-2019,0.459,0.541,0,0.93,7.75,0.4,13.3,5.37,7.8,2.18,10.69,3.79,7.99,0.02,40.57,0.83,
20191225,25-Dec-2019,0.423,0.577,0,1.11,7.73,0.37,13.31,5.32,7.74,2.31,10.62,3.99,7.98,0.02,40.42,0.78,
20191226,26-Dec-2019,0.414,0.586,0,1.11,7.74,0.36,13.41,5.25,7.77,2.21,10.68,4.04,8.01,0.02,40.92,0.8,
20191227,27-Dec-2019,0.445,0.555,0,1.05,7.76,0.37,13.67,5.2,7.89,2.13,10.84,3.92,7.95,0.02,40.94,0.84,
20191228,28-Dec-2019,0.45,0.55,0,0.91,7.76,0.39,13.62,5.08,7.9,2.03,10.88,3.7,7.87,0.02,41.2,0.85,
20191229,29-Dec-2019,0.469,0.531,0,0.86,7.77,0.38,13.76,4.86,7.85,2.11,10.91,3.47,7.86,0.02,41.01,0.84,
20191230,30-Dec-2019,0.47,0.53,0,0.81,7.78,0.37,13.95,4.63,7.81,2.17,10.97,3.31,7.86,0.02,41.03,0.82,
20191231,31-Dec-2019,0.465,0.535,0,0.92,7.79,0.38,12.86,5.73,7.83,2.35,10.8,3.29,7.97,0.02,40.97,0.78,
20200101,01-Jan-2020,0.456,0.544,0,0.78,7.84,0.37,11.92,4.5,7.85,2.22,10.8,3.31,7.89,0.02,41.3,0.77,
20200102,02-Jan-2020,0.489,0.511,0,0.79,7.83,0.38,11.85,4.45,7.85,2.21,10.88,3.19,7.91,0.02,40.97,0.81,
20200103,03-Jan-2020,0.455,0.545,0,0.75,7.83,0.36,11.98,4.36,7.83,2.26,10.95,3.19,7.92,0.02,40.03,0.84,
20200104,04-Jan-2020,0.458,0.542,0,0.74,7.83,0.38,12.08,4.33,7.84,2.19,10.95,3.2,7.95,0.02,39.56,0.82,
20200105,05-Jan-2020,0.438,0.562,0,0.8,7.82,0.42,12.06,4.32,7.86,2.13,10.95,3.19,8,0.02,39.72,0.8,
20200106,06-Jan-2020,0.441,0.559,0,1.03,7.75,0.39,12.08,4.26,7.79,2.35,10.95,3.31,7.88,0.02,38.77,0.79,
20200107,07-Jan-2020,0.476,0.524,0,0.74,7.73,0.41,12.11,4.16,7.73,2.25,10.95,3.02,7.94,0.02,39.51,0.83,
20200108,08-Jan-2020,0.497,0.503,0,0.69,7.73,0.41,12.07,4.16,7.72,3.12,10.95,2.85,7.97,0.03,39.37,0.82,
20200109,09-Jan-2020,0.471,0.529,0,0.87,7.85,0.39,11.96,4.26,7.72,2.14,10.95,3.28,8.01,0.02,40.15,0.83,
20200110,10-Jan-2020,0.536,0.464,0,0.7,7.93,0.41,12.07,4.09,7.7,2.19,10.95,2.74,7.88,0.02,39.81,0.84,
20200111,11-Jan-2020,0.568,0.432,0,0.64,7.89,0.42,12.13,3.85,7.69,2.19,10.95,2.4,7.85,0.02,39.78,0.83,
20200112,12-Jan-2020,0.507,0.493,0,0.64,7.95,0.4,12.06,3.8,7.67,2.13,10.95,2.57,7.97,0.02,39.96,0.82,
20200113,13-Jan-2020,0.52,0.48,0,0.53,7.74,0.39,12.11,3.95,7.7,2.22,10.95,2.56,7.96,0.02,40.62,0.81,
20200114,14-Jan-2020,0.52,0.48,0,0.36,7.71,0.42,12.1,3.98,7.67,2.06,10.95,2.47,7.9,0.02,39.02,0.82,
20200115,15-Jan-2020,0.5,0.5,0,0.39,7.71,0.43,11.25,3.86,7.57,2.05,10.47,2.54,7.95,0.02,39.3,0.83,
20200116,16-Jan-2020,0.514,0.486,0,0.35,7.73,0.44,11.44,3.83,7.5,2.05,10.03,2.52,7.89,0.02,39.46,0.84,
20200117,17-Jan-2020,0.502,0.498,0,0.34,7.73,0.44,11.35,3.77,7.53,2.06,10.08,2.51,7.97,0.02,39.58,0.84,
20200118,18-Jan-2020,0.512,0.488,0,0.3,7.74,0.43,11.44,3.61,7.49,2.16,10.12,2.39,7.91,0.02,39.27,0.84,
20200119,19-Jan-2020,0.488,0.512,0,0.35,7.76,0.43,11.63,3.62,7.47,2.2,10.15,2.48,7.82,0.02,38.96,0.83,
20200120,20-Jan-2020,0.511,0.489,0,0.33,7.74,0.42,11.64,3.71,7.45,2.17,10.1,2.51,7.9,0.02,39.22,0.84,
20200121,21-Jan-2020,0.493,0.507,0,0.32,7.77,0.44,11.67,3.69,7.43,2.11,10.14,2.58,8.04,0.02,38.89,0.9,
20200122,22-Jan-2020,0.491,0.509,0,0.26,7.77,0.45,11.53,3.53,7.44,2.03,10.28,2.5,7.98,0.02,39.27,0.88,
20200123,23-Jan-2020,0.503,0.497,0,0.22,7.75,0.46,11.64,3.41,7.41,1.95,10.35,2.35,7.89,0.02,39.33,0.83,
20200124,24-Jan-2020,0.495,0.505,0,0.42,7.75,0.45,11.66,3.48,7.37,1.98,10.32,2.39,7.95,0.02,39.32,0.82,
20200125,25-Jan-2020,0.488,0.512,0,0.58,7.74,0.43,11.66,3.56,7.37,1.94,10.31,2.45,7.96,0.02,39.3,0.81,
20200126,26-Jan-2020,0.528,0.472,0,0.55,7.75,0.43,11.74,3.55,7.38,1.86,10.36,2.41,7.94,0.02,39.41,0.82,
20200127,27-Jan-2020,0.527,0.473,0,0.53,7.74,0.43,11.73,3.52,7.36,1.81,10.41,2.34,8,0.02,39.8,0.85,
20200128,28-Jan-2020,0.508,0.492,0,0.56,7.74,0.42,11.78,3.43,7.55,1.74,10.52,2.36,7.95,0.02,40.08,0.83,
20200129,29-Jan-2020,0.506,0.494,0,0.49,7.76,0.45,11.87,3.47,7.69,1.77,10.5,2.37,7.9,0.02,40.12,0.83,
20200130,30-Jan-2020,0.513,0.487,0,0.52,7.75,0.45,11.86,3.46,7.67,1.92,10.53,2.38,8.14,0.02,38.99,0.82,
20200131,31-Jan-2020,0.524,0.476,0,0.45,7.77,0.44,11.94,3.36,7.67,1.85,10.61,2.25,7.96,0.02,39.52,0.81,
20200201,01-Feb-2020,0.517,0.483,0,0.52,7.79,0.41,11.94,3.31,7.67,1.79,10.67,2.28,7.93,0.02,40.31,0.81,
20200202,02-Feb-2020,0.533,0.467,0,0.48,7.8,0.42,11.93,3.38,7.67,1.75,10.67,2.31,7.88,0.02,40.08,0.82,
20200203,03-Feb-2020,0.515,0.485,0,0.58,7.74,0.43,11.75,3.42,7.65,1.8,10.7,2.28,7.92,0.02,39.55,0.86,
20200204,04-Feb-2020,0.379,0.621,0,1.14,7.71,0.44,11.73,3.39,7.62,1.82,10.66,2.65,7.88,0.02,38.79,0.78,
20200205,05-Feb-2020,0.486,0.514,0,0.6,7.72,0.42,12,3.36,7.62,1.73,10.67,2.33,7.88,0.02,38.21,0.78,
20200206,06-Feb-2020,0.51,0.49,0,0.59,7.73,0.48,11.97,3.39,7.59,1.8,10.62,2.29,7.94,0.02,40.57,0.82,
20200207,07-Feb-2020,0.495,0.505,0,0.66,7.75,0.4,12.03,3.34,7.6,1.66,10.67,2.32,7.96,0.02,39.62,0.83,
20200208,08-Feb-2020,0.47,0.53,0,0.73,7.74,0.43,12.12,3.35,7.58,1.71,10.63,2.48,7.88,0.02,39.18,0.83,
20200209,09-Feb-2020,0.503,0.497,0,0.68,7.73,0.43,12.13,3.17,7.62,1.66,10.79,2.24,7.99,0.02,39.25,0.84,
20200210,10-Feb-2020,0.491,0.509,0,0.59,7.73,0.44,12.26,3.19,7.6,1.63,10.75,2.28,7.93,0.02,39.59,0.85,
20200211,11-Feb-2020,0.507,0.493,0,0.53,7.71,0.44,12.39,3.17,7.57,1.66,10.69,2.28,7.97,0.02,39.32,0.84,
20200212,12-Feb-2020,0.488,0.512,0,0.59,7.68,0.43,12.88,3.17,7.57,1.62,10.7,2.32,8.13,0.02,41.02,0.84,
20200213,13-Feb-2020,0.472,0.528,0,0.6,7.69,0.42,13.73,3.12,7.57,1.61,10.72,2.34,7.96,0.02,40.35,0.84,
20200214,14-Feb-2020,0.493,0.507,0,0.58,7.69,0.43,14.54,3.16,7.55,1.62,10.68,2.34,8,0.02,40.18,0.84,
20200215,15-Feb-2020,0.507,0.493,0,0.54,7.71,0.45,15.28,3.07,7.57,1.54,10.77,2.29,8.09,0.02,40.65,0.85,
20200216,16-Feb-2020,0.478,0.522,0,0.58,7.72,0.43,16.04,3.04,7.59,1.55,10.85,2.31,8.11,0.02,40.67,0.84,
20200217,17-Feb-2020,0.482,0.518,0,0.58,7.75,0.43,16.8,3.01,7.6,1.48,10.92,2.33,7.99,0.02,40.95,0.83,
20200218,18-Feb-2020,0.504,0.496,0,0.5,7.74,0.65,15.02,2.96,7.6,1.46,10.97,2.18,7.85,0.02,39.68,0.86,
20200219,19-Feb-2020,0.499,0.501,0,0.49,7.74,0.43,12.28,2.95,7.59,1.48,10.97,2.14,7.81,0.02,39.1,0.85,
20200220,20-Feb-2020,0.495,0.505,0,0.46,7.72,0.41,12.78,2.95,7.57,1.52,10.92,2.17,7.92,0.02,39.41,0.87,
20200221,21-Feb-2020,0.484,0.516,0,0.56,7.73,0.4,12.01,2.99,7.57,1.48,10.92,2.27,7.92,0.02,39.13,0.87,
20200222,22-Feb-2020,0.5,0.5,0,0.54,7.77,0.41,12.37,3.02,7.58,1.45,10.94,2.29,7.95,0.02,39.16,0.85,
20200223,23-Feb-2020,0.506,0.494,0,0.53,7.76,0.43,12.72,3.06,7.61,1.4,11.04,2.25,7.89,0.02,39.1,0.85,
20200224,24-Feb-2020,0.482,0.518,0,0.86,7.85,0.41,13.07,3.17,7.45,1.43,11.07,2.32,8,0.02,38.62,0.84,
20200225,25-Feb-2020,0.517,0.483,0,0.56,7.93,0.42,12.61,2.92,7.28,1.44,11.15,2.22,7.9,0.02,39.4,0.85,
20200226,26-Feb-2020,0.486,0.514,0,0.55,7.97,0.42,12.19,2.83,7.28,1.49,11.2,2.23,7.94,0.02,41.23,0.85,
20200227,27-Feb-2020,0.488,0.512,0,0.53,7.97,0.45,12.39,2.82,7.29,1.48,11.24,2.21,7.94,0.02,39.68,0.82,
20200228,28-Feb-2020,0.495,0.505,0,0.5,7.96,0.42,12.37,2.88,7.29,1.48,11.24,2.2,7.98,0.02,39.49,0.8,
20200229,29-Feb-2020,0.489,0.511,0,0.51,7.94,0.42,12.51,2.97,7.28,1.52,11.22,2.25,7.72,0.02,,0.8,
20200301,01-Mar-2020,0.507,0.493,0,0.57,7.95,0.39,13.05,3.03,7.26,1.54,11.2,2.28,7.8,0.02,40.42,0.82,
20200302,02-Mar-2020,0.483,0.462,0.054,0.6,7.79,0.39,12.7,3.04,7.42,1.51,11.26,2.38,7.74,0.02,40.31,0.83,
20200303,03-Mar-2020,0.466,0.451,0.083,0.57,7.61,0.4,12.44,3.06,7.62,1.45,11.3,2.48,7.81,0.02,40.01,0.84,
20200304,04-Mar-2020,0.448,0.509,0.043,0.62,7.64,0.41,12.89,3.11,7.64,1.43,11.34,2.58,8.02,0.02,40.42,0.87,
20200305,05-Mar-2020,0.491,0.474,0.035,0.74,7.6,0.47,12.68,3.13,7.64,1.48,11.05,2.46,7.83,0.02,40.05,0.89,
20200306,06-Mar-2020,0.484,0.469,0.047,1.06,7.58,0.45,12.62,3.22,7.65,1.51,10.84,2.67,7.94,0.02,39.52,0.92,
20200307,07-Mar-2020,0.485,0.476,0.039,1.28,7.56,0.45,13.12,3.33,7.64,1.56,10.83,2.88,7.91,0.02,39.59,0.9,
20200308,08-Mar-2020,0.499,0.473,0.028,1.85,7.55,0.43,13.38,3.46,7.66,1.51,10.87,3.15,7.93,0.02,39.89,0.92,
20200309,09-Mar-2020,0.508,0.453,0.038,2.63,7.51,0.66,11.95,3.57,7.67,1.49,10.88,3.5,7.93,0.02,39.46,0.9,
20200310,10-Mar-2020,0.501,0.43,0.069,3.44,7.5,0.48,10.49,3.67,7.68,1.46,10.89,4.09,7.89,0.02,38.79,0.87,
20200311,11-Mar-2020,0.511,0.409,0.08,3.95,7.54,0.49,10.75,3.71,7.67,1.47,10.88,4.26,7.86,0.02,38.69,0.84,
20200312,12-Mar-2020,0.476,0.425,0.098,5.02,7.47,0.55,10.38,3.81,7.68,1.63,10.9,5.13,7.86,0.02,38.61,0.8,
20200313,13-Mar-2020,0.5,0.443,0.056,3.59,7.51,0.43,11.72,3.84,7.67,1.55,10.9,4.29,7.91,0.02,38.51,0.84,
20200314,14-Mar-2020,0.499,0.437,0.064,2.03,7.53,0.38,13.07,3.82,7.65,1.57,10.87,3.43,7.91,0.02,39.1,0.83,
20200315,15-Mar-2020,0.5,0.424,0.076,2.03,7.58,0.37,13.54,3.83,7.66,1.56,10.89,3.19,7.99,0.02,39.45,0.82,
20200316,16-Mar-2020,0.503,0.426,0.071,3.69,7.53,0.39,12.31,3.93,7.69,1.48,10.95,4.09,7.98,0.02,38.59,0.82,
20200317,17-Mar-2020,0.433,0.486,0.08,5.03,7.56,0.52,11.64,3.98,7.69,1.47,10.94,4.79,7.99,0.02,38.3,0.84,
20200318,18-Mar-2020,0.518,0.407,0.075,5.31,7.55,0.72,11.67,4.07,7.7,1.56,10.96,5.01,8.01,0.02,39.07,0.83,
20200319,19-Mar-2020,0.493,0.445,0.062,5.83,7.45,0.63,10.87,4.11,7.7,1.55,10.95,5.75,7.93,0.02,37.23,0.84,
20200320,20-Mar-2020,0.479,0.46,0.061,1.4,7.52,0.5,13.92,3.99,7.68,1.52,10.93,3.48,7.94,0.02,37.07,0.85,
20200321,21-Mar-2020,0.44,0.502,0.058,0.96,7.61,0.42,14.42,3.9,7.68,1.53,10.95,2.87,7.83,0.02,38.75,0.87,
20200322,22-Mar-2020,0.435,0.506,0.058,2.5,7.58,0.52,13.69,3.98,7.7,1.52,10.99,3.59,7.98,0.02,38.59,0.82,
20200323,23-Mar-2020,0.433,0.512,0.054,3.92,7.56,0.54,12.59,4.04,7.7,1.53,10.98,4.27,7.89,0.02,38.91,0.78,
20200324,24-Mar-2020,0.424,0.524,0.051,4.61,7.58,0.52,,4.12,7.71,1.46,10.99,4.68,7.79,0.02,39.01,0.82,
20200325,25-Mar-2020,0.243,0.668,0.089,5.63,7.57,0.58,,4.23,7.72,1.56,11.01,5.23,7.96,0.03,39.3,0.82,
20200326,26-Mar-2020,0.172,0.761,0.068,4.98,7.49,0.59,,4.38,7.73,1.5,11.01,4.94,8.01,0.04,39.44,0.8,
20200327,27-Mar-2020,0.29,0.643,0.068,6.48,7.58,0.69,,4.53,7.73,1.46,11.01,5.6,7.84,0.03,40,0.78,
20200328,28-Mar-2020,0.39,0.548,0.062,5.05,7.56,0.71,,4.54,7.73,1.47,10.97,5.28,7.95,0.03,41.17,0.8,
20200329,29-Mar-2020,0.391,0.544,0.065,4.69,7.6,0.63,,4.54,7.74,1.62,10.96,4.97,7.96,0.03,40.05,0.82,
20200330,30-Mar-2020,0.472,0.49,0.038,4.78,7.65,0.65,,4.61,7.73,1.54,10.93,5.08,8,0.03,40.46,0.83,
20200331,31-Mar-2020,0.503,0.451,0.046,5.45,7.63,0.61,,4.68,7.73,1.56,10.96,5.44,7.91,0.03,40.18,0.86,
20200401,01-Apr-2020,0.497,0.465,0.038,6.98,7.6,0.63,,4.75,7.73,1.59,10.95,6.11,7.98,0.03,40.22,0.83,
20200402,02-Apr-2020,0.506,0.454,0.039,7.07,7.63,0.64,,4.76,7.69,1.66,10.88,6.45,7.93,0.03,40.34,0.82,
20200403,03-Apr-2020,0.488,0.464,0.048,3.66,7.65,0.56,,4.76,7.71,1.57,10.91,4.97,8.02,0.03,39.66,0.84,
20200404,04-Apr-2020,0.492,0.453,0.055,3.52,7.67,0.56,,4.81,7.75,1.5,10.97,4.46,7.94,0.03,39.41,0.87,
20200405,05-Apr-2020,0.485,0.448,0.067,5.76,7.64,0.61,,4.78,7.72,1.51,10.93,5.6,8.05,0.03,39.12,0.82,
20200406,06-Apr-2020,0.504,0.447,0.049,6.42,7.62,0.64,,4.81,7.71,1.64,10.63,6.04,7.93,0.02,38.99,0.81,
20200407,07-Apr-2020,0.5,0.464,0.035,8.74,7.68,0.84,9.39,4.96,7.71,1.58,10.04,6.94,7.98,0.02,38.7,0.84,
20200408,08-Apr-2020,0.513,0.441,0.047,8.93,7.57,0.73,9.26,5.04,7.71,1.57,10.03,7.85,7.92,0.02,38.24,0.81,
20200409,09-Apr-2020,0.502,0.467,0.032,9.18,7.56,0.73,9.7,5.11,7.71,1.62,10,7.74,7.96,0.03,37.73,0.75,
20200410,10-Apr-2020,0.499,0.466,0.035,9.25,7.56,0.78,10.13,5.08,7.69,1.64,9.96,7.71,7.93,0.03,38.89,0.77,
20200411,11-Apr-2020,0.521,0.439,0.04,9.43,7.55,0.89,10.36,5.15,7.68,1.59,9.95,7.85,7.87,0.03,38.67,0.8,
20200412,12-Apr-2020,0.441,0.508,0.052,8.59,7.52,0.96,10.87,5.19,7.66,1.62,9.91,7.43,7.97,0.03,38.95,0.81,
20200413,13-Apr-2020,0.459,0.491,0.049,5.39,7.51,0.95,11.73,5.09,7.62,1.72,9.81,6.17,7.98,0.02,39.95,0.83,
20200414,14-Apr-2020,0.464,0.456,0.08,3.53,7.55,0.87,11.61,5.11,7.63,1.68,9.82,5.07,7.93,0.02,39.72,0.81,
20200415,15-Apr-2020,0.444,0.483,0.072,4.79,7.57,0.88,10.87,5.13,7.63,1.64,9.8,5.21,7.96,0.02,39.38,0.78,
20200416,16-Apr-2020,0.418,0.501,0.081,3.75,7.55,0.98,11.79,5.19,7.63,1.59,9.81,5.17,8.05,0.03,39.43,0.77,
20200417,17-Apr-2020,0.414,0.547,0.039,2.32,7.54,1,13.04,5.13,7.6,1.66,9.72,4.41,8,0.02,39.05,0.8,
20200418,18-Apr-2020,0.332,0.629,0.039,3.98,7.54,1,12.14,5.1,7.6,1.61,9.72,4.76,7.91,0.03,39.65,0.83,
20200419,19-Apr-2020,0.254,0.704,0.042,4.44,7.52,1.25,12.19,5.11,7.6,1.6,9.68,5.27,8.02,0.03,39.36,0.83,
20200420,20-Apr-2020,0.403,0.557,0.04,6.07,7.5,1.56,10.95,5.14,7.59,1.59,9.67,5.81,7.95,0.04,39.36,0.79,
20200421,21-Apr-2020,0.406,0.543,0.051,7.54,7.51,2.67,9.55,5.17,7.58,1.61,9.6,6.53,7.88,0.05,40.28,0.81,
20200422,22-Apr-2020,0.214,0.786,0,8.75,7.52,2.95,8.92,5.23,7.58,1.61,9.6,6.08,7.92,0.02,38.77,0.83,
20200423,23-Apr-2020,0.272,0.728,0,8.86,7.48,3.14,9.04,5.29,7.58,1.67,9.58,6.47,8.02,0.03,39.54,0.81,
20200424,24-Apr-2020,0.295,0.705,0,8.78,7.5,3.39,9.11,5.38,7.6,1.61,9.61,6.49,7.93,0.04,39.96,0.77,
20200425,25-Apr-2020,0.304,0.696,0,9.13,7.49,3.82,9.07,5.41,7.61,1.61,9.62,6.67,7.81,0.04,39.49,0.81,
20200426,26-Apr-2020,0.303,0.697,0,8.74,7.49,3.88,9.3,5.52,7.61,1.64,9.62,6.65,7.85,0.04,38.61,0.81,
20200427,27-Apr-2020,0.31,0.69,0,8.53,7.49,4.01,9.4,5.53,7.6,1.68,9.58,6.63,7.87,0.04,39.32,0.81,
20200428,28-Apr-2020,0.309,0.691,0,10.19,7.46,4.52,8.78,5.75,7.56,1.69,9.53,6.93,7.93,0.04,39.04,0.82,
20200429,29-Apr-2020,0.32,0.68,0,10.65,7.4,6.29,9.34,5.75,7.55,1.73,9.52,7.44,7.84,0.03,38.51,0.84,
20200430,30-Apr-2020,0.322,0.678,0,10.9,7.36,6.97,9.41,5.8,7.55,1.7,9.53,7.5,7.95,0.04,37.78,0.85,
20200501,01-May-2020,0.319,0.681,0,10.86,7.31,8.1,9.52,5.82,7.53,1.7,9.5,7.49,7.88,0.04,37.41,0.8,
20200502,02-May-2020,0.331,0.637,0.032,11.35,7.24,9.75,9.28,5.85,7.53,1.71,9.47,7.86,7.93,0.04,37.23,0.8,
20200503,03-May-2020,0.348,0.612,0.04,10.21,7.19,10.48,9.81,5.88,7.52,1.7,9.44,8.07,7.97,0.04,37.95,0.77,
20200504,04-May-2020,0.335,0.623,0.042,9.97,7.14,9.68,9.83,5.92,7.51,1.7,9.37,7.81,7.93,0.04,38,0.8,
20200505,05-May-2020,0.339,0.618,0.043,9.51,7.19,9.43,10.14,6.02,7.5,1.69,9.36,7.75,7.93,0.04,38.54,0.79,
20200506,06-May-2020,0.337,0.592,0.071,8.67,7.24,8.06,10.66,6.1,7.5,1.75,9.32,7.72,7.93,0.05,38.62,0.81,
20200507,07-May-2020,0.277,0.675,0.049,9.08,7.2,7.2,10.38,6.1,7.49,1.75,9.25,7.57,7.91,0.03,38.83,0.86,
20200508,08-May-2020,0.301,0.685,0.014,8.98,7.17,6.67,10.62,6.3,7.5,1.68,9.25,7.24,7.9,0.03,38.95,0.86,
20200509,09-May-2020,0.296,0.704,0,9.2,7.16,6.13,10.42,6.49,7.51,1.65,9.22,7.35,7.91,0.03,39.39,0.81,
20200510,10-May-2020,0.299,0.701,0,9.62,7.13,5.64,10.26,6.61,7.5,1.68,9.16,7.59,7.89,0.02,38.92,0.83,
20200511,11-May-2020,0.129,0.871,0,9.92,7.13,5.98,9.62,6.63,7.49,1.72,9.1,7.07,7.89,0.02,39.4,0.83,
20200512,12-May-2020,0,1,0,9.87,,,8.51,6.6,7.48,1.61,9.06,6.54,7.87,0.02,38.52,0.8,
20200513,13-May-2020,0,1,0,9.66,,,8.14,6.61,7.46,1.59,8.99,6.59,7.98,0.02,38.67,0.81,
20200514,14-May-2020,0.18,0.82,0,9.26,7.03,8.37,7.88,6.59,7.45,1.56,8.92,6.96,7.86,0.03,38.64,0.84,
20200515,15-May-2020,0.271,0.729,0,9.16,7.07,5.43,9.52,6.63,7.45,1.48,8.91,7.42,7.92,0.03,38.43,0.81,
20200516,16-May-2020,0.245,0.755,0,8.97,7.07,4.73,9.39,6.6,7.43,1.48,8.84,7.32,8,0.02,38.33,0.83,
20200517,17-May-2020,0.249,0.751,0,8.85,7.09,6.93,9.55,6.68,7.43,1.43,8.82,7.3,7.96,0.02,39.66,0.86,
20200518,18-May-2020,0.239,0.761,0,9.74,7.13,8.67,9.15,6.51,7.41,1.5,8.72,7.41,7.97,0.02,40.1,0.84,
20200519,19-May-2020,0.227,0.773,0,10.23,7.06,12.25,9.08,6.5,7.4,1.47,8.66,7.58,7.91,0.03,38.91,0.81,
20200520,20-May-2020,0.199,0.801,0,9.76,6.99,9.19,9.21,6.6,7.4,1.43,8.67,7.36,7.97,0.02,38.23,0.82,
20200521,21-May-2020,0.198,0.802,0,9.03,7.1,11.33,9.69,6.61,7.4,1.43,8.64,7.29,8,0.03,37.35,0.82,
20200522,22-May-2020,0.2,0.8,0,8.5,7.19,8,9.89,6.62,7.4,1.41,8.59,7.1,7.84,0.03,37.44,0.83,
20200523,23-May-2020,0.196,0.804,0,9.21,7.21,4.44,9.39,6.65,7.39,1.41,8.53,7.26,7.87,0.02,37.67,0.82,
20200524,24-May-2020,0.192,0.808,0,9.05,7.21,4.22,9.43,6.62,7.39,1.38,8.5,7.24,7.81,0.02,37.56,0.81,
20200525,25-May-2020,0.21,0.79,0,8.33,7.22,3.6,10.09,6.62,7.38,1.33,8.47,7.22,7.9,0.02,37.08,0.86,
20200526,26-May-2020,0.215,0.785,0,7.48,7.29,4.54,10.33,6.6,7.37,1.34,8.43,7.03,8,0.02,38.63,0.91,
20200527,27-May-2020,0.215,0.785,0,8.93,7.3,4.17,9.41,6.65,7.37,1.32,8.4,7.23,7.99,0.02,39.07,0.89,
20200528,28-May-2020,0.213,0.787,0,9.54,7.26,6.24,9.42,6.66,7.37,1.34,8.37,7.44,7.95,0.02,38.94,0.83,
20200529,29-May-2020,0.226,0.774,0,10.33,7.22,6.01,9.22,6.7,7.36,1.38,8.32,7.64,8,0.02,38.84,0.81,
20200530,30-May-2020,0.243,0.757,0,10.49,7.14,9.73,9.26,6.75,7.35,1.39,8.3,7.8,7.99,0.02,38.86,0.81,
20200531,31-May-2020,0.261,0.739,0,10.31,7.09,9.61,9.26,6.83,7.35,1.38,8.26,7.84,8,0.03,38.41,0.81,
20200601,01-Jun-2020,0.27,0.73,0,10.05,7.08,18.31,9.4,6.86,7.34,1.35,8.23,7.83,8.08,0.03,38.54,0.8,
20200602,02-Jun-2020,0.288,0.712,0,10.2,7.11,19.64,9.4,6.87,7.33,1.41,8.16,7.92,8,0.03,39.11,0.81,
20200603,03-Jun-2020,0.292,0.708,0,10.3,7.09,18.57,9.39,7.39,7.3,1.32,8.14,8.01,8.05,0.03,39.89,0.81,
20200604,04-Jun-2020,0.287,0.713,0,10.4,7.04,11.8,9.52,6.91,7.33,1.37,8.11,8.01,7.96,0.03,40.01,0.8,
20200605,05-Jun-2020,0.295,0.705,0,10.49,7.04,8.56,9.48,6.93,7.31,1.4,8.05,8.09,7.89,0.03,38.55,0.82,
20200606,06-Jun-2020,0.294,0.706,0,10.64,7.02,8.77,8.91,6.95,7.32,1.38,8,8.18,7.89,0.02,37.5,0.8,
20200607,07-Jun-2020,0.295,0.705,0,9.9,7.03,7.06,8.91,7.4,7.32,1.32,7.98,8.03,7.95,0.03,38.95,0.78,
20200608,08-Jun-2020,0.297,0.703,0,10.32,7.11,7.55,9.59,7.73,7.32,1.3,7.91,8.07,7.98,0.03,39.65,0.83,
20200609,09-Jun-2020,0.29,0.71,0,9.06,7.21,5.43,10.31,7.82,7.33,1.39,7.91,8,7.9,0.03,38.75,0.82,
20200610,10-Jun-2020,0.287,0.713,0,9.02,7.25,4.4,10.39,7.89,7.33,1.28,7.86,7.84,7.94,0.03,40.91,0.84,
20200611,11-Jun-2020,0.298,0.702,0,10.19,7.26,5.97,10.22,7.98,7.32,1.2,7.82,8.22,7.97,0.03,39.08,0.81,
20200612,12-Jun-2020,0.294,0.706,0,10.91,7.29,4.96,10.14,8.05,7.32,1.17,7.77,8.42,7.94,0.03,38.86,0.83,
20200613,13-Jun-2020,0.284,0.716,0,12.11,7.28,4.39,9.93,8.2,7.31,1.13,7.72,8.75,7.92,0.03,38.69,0.82,
20200614,14-Jun-2020,0.296,0.704,0,11.97,7.27,4.44,10.19,8.23,7.3,1.18,7.64,8.81,7.94,0.03,38.25,0.84,
20200615,15-Jun-2020,0.298,0.702,0,11.85,7.26,4.92,10.68,8.17,7.29,1.2,7.58,8.86,7.9,0.03,38.67,0.82,
20200616,16-Jun-2020,0.307,0.693,0,10.68,7.27,3.43,10.08,8.14,7.29,1.17,7.54,8.42,8,0.03,38.36,0.82,
20200617,17-Jun-2020,0.313,0.687,0,12.19,7.34,4.57,8.39,7.97,7.28,1.27,7.5,8.89,7.99,0.03,37.99,0.83,
20200618,18-Jun-2020,0.357,0.643,0,12.32,7.34,3.15,8.69,7.69,7.28,1.21,7.47,9.39,7.97,0.02,37.62,0.81,
20200619,19-Jun-2020,0.399,0.601,0,11.26,7.36,2.99,9.32,7.66,7.29,1.21,7.45,9.25,7.99,0.02,37.82,0.87,
20200620,20-Jun-2020,0.404,0.596,0,10.82,7.38,2.58,9.82,7.65,7.28,1.2,7.41,9.02,8.03,0.02,39.03,0.83,
20200621,21-Jun-2020,0.388,0.612,0,12.02,7.37,2.99,9.78,7.68,7.27,1.22,7.33,9.35,8.05,0.02,39.07,0.81,
20200622,22-Jun-2020,0.41,0.59,0,11.78,7.32,2.69,9.74,7.7,7.27,1.21,7.33,9.34,8.06,0.02,39.08,0.83,
20200623,23-Jun-2020,0.425,0.575,0,12.28,7.31,3.03,8.78,7.73,7.27,1.25,7.28,9.67,8.08,0.02,38.51,0.84,
20200624,24-Jun-2020,0.44,0.56,0,12.56,7.31,2.7,8.82,7.75,7.27,1.3,7.22,9.93,8,0.02,38.65,0.83,
20200625,25-Jun-2020,0.486,0.514,0,12.86,7.35,2.65,9.04,7.77,7.26,1.37,7.14,10.33,7.98,0.02,38.75,0.81,
20200626,26-Jun-2020,0.495,0.505,0,13.29,7.35,2.39,8.73,7.77,7.26,1.48,7.1,10.61,7.95,0.02,38.18,0.82,
20200627,27-Jun-2020,0.499,0.501,0,13.31,7.36,2.37,8.55,7.77,7.26,1.45,7.09,10.66,7.97,0.02,38.81,0.8,
20200628,28-Jun-2020,0.493,0.507,0,13.39,7.36,2.36,8.24,7.78,7.25,1.67,6.97,10.73,7.99,0.02,39.67,0.85,
20200629,29-Jun-2020,0.491,0.509,0,12.87,7.38,2.25,8.69,7.83,7.25,1.57,6.99,10.38,7.97,0.02,38.62,0.89,
20200630,30-Jun-2020,0.469,0.531,0,13.71,7.35,2.18,8.73,7.87,7.25,1.62,6.96,10.74,7.95,0.02,38.92,0.83,
20200701,01-Jul-2020,0.5,0.5,0,13.14,7.37,2.24,9.2,7.88,7.25,1.68,6.93,10.69,7.96,0.02,38.32,0.84,
20200702,02-Jul-2020,0.462,0.538,0,13.85,7.38,2.19,9.21,7.93,7.25,1.7,6.89,10.73,7.99,0.02,39.36,0.83,
20200703,03-Jul-2020,0.476,0.524,0,15.16,7.38,1.99,8.32,7.98,7.24,1.77,6.81,11.5,7.95,0.02,39.48,0.84,
20200704,04-Jul-2020,0.43,0.57,0,14.69,7.37,1.86,9.26,8.07,7.25,1.73,6.79,11.04,7.94,0.02,37.77,0.79,
20200705,05-Jul-2020,0.481,0.519,0,14.27,7.38,2.29,9.49,8.08,7.25,1.69,6.76,11.22,8.01,0.02,37.95,0.83,
20200706,06-Jul-2020,0.44,0.56,0,14.77,7.39,2.02,9.43,8.11,7.24,1.66,6.73,11.11,7.92,0.02,38.52,0.79,
20200707,07-Jul-2020,0.496,0.504,0,14.68,7.42,1.78,8.45,8.14,7.24,1.66,6.68,11.35,7.96,0.02,38.66,0.77,
20200708,08-Jul-2020,0.495,0.505,0,14.83,7.41,1.79,8.18,8.22,7.24,1.62,6.65,11.54,7.9,0.02,38.32,0.84,
20200709,09-Jul-2020,0.494,0.506,0,14.83,7.41,1.72,9.05,8.26,7.24,1.62,6.61,11.6,7.85,0.02,37.77,0.85,
20200710,10-Jul-2020,0.474,0.526,0,14.83,7.42,1.64,10.13,8.31,7.24,1.6,6.58,11.38,7.97,0.02,37.3,0.82,
20200711,11-Jul-2020,0.481,0.519,0,15.93,7.42,1.77,10.63,8.36,7.23,1.58,6.53,11.88,8.01,0.02,38.68,0.84,
20200712,12-Jul-2020,0.494,0.506,0,16.38,7.42,1.6,11.15,8.37,7.23,1.61,6.48,12.37,7.99,0.02,38.65,0.82,
20200713,13-Jul-2020,0.466,0.534,0,15.49,7.44,1.56,11.15,8.36,7.23,1.62,6.46,12.16,7.92,0.02,38.72,0.85,
20200714,14-Jul-2020,0.502,0.498,0,15.63,7.42,1.46,8.49,8.36,7.23,1.61,6.41,12.55,7.95,0.02,38.02,0.84,
20200715,15-Jul-2020,0.514,0.486,0,15.74,7.45,1.53,9.16,8.33,7.23,1.67,6.33,12.94,7.9,0.02,38.25,0.84,
20200716,16-Jul-2020,0.489,0.511,0,16.72,7.45,1.61,9.52,8.37,7.22,1.74,6.24,12.99,7.96,0.02,38.45,0.82,
20200717,17-Jul-2020,0.473,0.527,0,16.47,7.44,1.5,8.88,8.44,7.22,1.78,6.2,13.06,7.89,0.02,38.01,0.86,
20200718,18-Jul-2020,0.488,0.512,0,16.52,7.46,1.48,8.18,8.47,7.22,1.82,6.15,12.86,8.03,0.02,37.57,0.83,
20200719,19-Jul-2020,0.5,0.5,0,16.72,7.46,1.42,8.48,8.51,7.22,1.88,6.08,13.33,7.93,0.02,38.22,0.84,
20200720,20-Jul-2020,0.477,0.523,0,16.42,7.46,1.34,8.58,8.53,7.22,1.85,6.29,12.94,7.94,0.02,38.01,0.84,
20200721,21-Jul-2020,0.502,0.498,0,17.48,7.47,1.34,7.71,8.58,7.21,1.93,6.76,13.48,7.97,0.02,38.27,0.85,
20200722,22-Jul-2020,0.512,0.488,0,18.13,7.47,1.32,7.62,8.58,7.21,1.96,6.85,14.2,7.95,0.02,38.74,0.85,
20200723,23-Jul-2020,0.55,0.45,0,17.01,7.46,1.32,8.26,8.64,7.21,1.91,6.85,14.06,7.94,0.02,39.2,0.84,
20200724,24-Jul-2020,0.441,0.559,0,17.01,7.46,1.36,8.13,8.7,7.21,2.02,6.77,12.98,7.95,0.02,38.11,0.83,
20200725,25-Jul-2020,0.5,0.5,0,16.61,7.47,1.26,8.33,8.7,7.2,2.12,6.68,13.41,7.96,0.02,38.75,0.83,
20200726,26-Jul-2020,0.501,0.499,0,15.89,7.48,1.12,9.02,8.69,7.2,2.05,6.66,13.09,7.99,0.02,39,0.85,
20200727,27-Jul-2020,0.481,0.519,0,16.66,7.49,1.1,9.25,8.51,7.2,2.12,6.58,12.73,7.9,0.02,38.19,0.85,
20200728,28-Jul-2020,0.535,0.465,0,17.6,7.5,1.06,9.2,8.39,7.2,2.11,6.52,13.69,7.98,0.02,38.67,0.82,
20200729,29-Jul-2020,0.481,0.519,0,16.32,7.51,1.11,9.88,8.37,7.19,2.2,6.42,12.9,7.93,0.02,38.46,0.82,
20200730,30-Jul-2020,0.474,0.526,0,16.69,7.5,0.99,9.89,8.45,7.19,2.17,6.4,12.92,7.95,0.02,39.03,0.84,
20200731,31-Jul-2020,0.561,0.439,0,17.36,7.52,1.1,9.93,8.45,7.19,2.23,6.3,13.46,7.99,0.02,38.66,0.87,
20200801,01-Aug-2020,0.553,0.447,0,17.62,7.53,1.04,10.11,8.49,7.18,2.29,6.21,14.11,7.91,0.02,38.6,0.83,
20200802,02-Aug-2020,0.601,0.399,0,17.53,7.53,1.55,10.34,8.52,7.18,2.41,6.11,14.57,7.96,0.02,38.46,0.82,
20200803,03-Aug-2020,0.48,0.52,0,17.62,7.53,1.65,10.18,8.79,7.18,2.43,6.12,13.55,7.93,0.02,39.27,0.82,
20200804,04-Aug-2020,0.485,0.515,0,17.54,7.54,1.24,9.63,8.96,7.18,2.45,6.04,13.39,8,0.02,38.84,0.81,
20200805,05-Aug-2020,0.513,0.487,0,17.76,7.55,1.19,9.69,9.01,7.18,2.41,6.03,13.8,7.98,0.02,38.77,0.85,
20200806,06-Aug-2020,0.512,0.488,0,17.07,7.56,1.06,10.16,8.98,7.17,2.5,5.94,13.51,7.98,0.02,39.75,0.84,
20200807,07-Aug-2020,0.493,0.507,0,17.08,7.56,0.94,10.35,8.99,7.17,2.55,5.86,13.23,7.91,0.02,39.17,0.84,
20200808,08-Aug-2020,0.475,0.525,0,17.51,7.56,0.89,10.38,9.86,7.17,2.47,5.77,13.26,7.92,0.02,38.95,0.81,
20200809,09-Aug-2020,0.475,0.525,0,17.62,7.56,0.94,10.44,10.35,7.17,2.52,5.68,13.49,7.92,0.02,38.74,0.82,
20200810,10-Aug-2020,0.46,0.54,0,17.72,7.57,0.93,9.32,8.93,7.17,2.83,5.71,13.31,7.92,0.02,39.15,0.83,
20200811,11-Aug-2020,0.517,0.483,0,17.4,7.58,0.9,8.45,8.97,7.17,2.71,5.68,13.71,7.93,0.02,39.19,0.84,
20200812,12-Aug-2020,0.473,0.527,0,16.57,7.58,0.88,9.03,8.97,7.16,2.8,5.6,13,7.88,0.02,38.6,0.83,
20200813,13-Aug-2020,0.511,0.489,0,16.86,7.59,0.85,10.68,9.04,7.16,2.77,5.53,13.43,7.98,0.02,38.25,0.84,
20200814,14-Aug-2020,0.458,0.542,0,16.36,7.59,0.9,12.8,9.1,7.17,2.66,5.57,13.02,7.97,0.02,38.35,0.84,
20200815,15-Aug-2020,0.478,0.522,0,16.28,7.63,0.99,14.46,9.1,7.17,2.71,5.47,12.78,7.92,0.02,38.45,0.81,
20200816,16-Aug-2020,0.359,0.641,0,15.98,7.57,0.81,15.55,9.13,7.16,2.8,5.4,12.6,7.89,0.02,39.15,0.84,
20200817,17-Aug-2020,0.265,0.735,0,16.85,7.59,0.77,15.93,9.2,7.16,2.82,5.36,11.31,7.99,0.02,38.61,0.8,
20200818,18-Aug-2020,0.317,0.683,0,18.34,7.52,0.77,15.35,9.24,7.16,2.95,6.94,12.27,8.05,0.02,39.28,0.81,
20200819,19-Aug-2020,0.307,0.693,0,17.69,7.5,0.95,,9.28,7.16,3.03,10.19,12.12,7.94,0.02,38.96,0.83,
20200820,20-Aug-2020,0.339,0.661,0,16.79,7.49,1,,9.31,7.15,3.17,11.32,12.08,7.99,0.02,39.51,0.83,
20200821,21-Aug-2020,0.304,0.696,0,16.6,7.47,1.08,,9.38,7.15,3.15,,11.85,7.91,0.02,39.35,0.84,
20200822,22-Aug-2020,0.3,0.7,0,16.69,7.45,1.15,,9.47,7.15,3.2,,11.82,8.02,0.02,39.3,0.81,
20200823,23-Aug-2020,0.303,0.697,0,16.81,7.45,1.11,,9.62,7.15,3.09,,11.95,7.97,0.02,39.4,0.82,
20200824,24-Aug-2020,0.315,0.685,0,16.52,7.46,1.12,,9.78,7.15,3.13,,11.94,7.97,0.02,39.1,0.85,
20200825,25-Aug-2020,0.308,0.692,0,16.77,7.47,1.15,,9.84,7.15,3.27,,11.98,7.94,0.02,39.42,0.85,
20200826,26-Aug-2020,0.31,0.69,0,16.4,7.48,1.12,,9.91,7.15,3.33,,11.98,7.95,0.02,39.76,0.83,
20200827,27-Aug-2020,0.342,0.658,0,16.47,7.47,1.12,,9.89,7.15,3.46,4.15,12.21,7.94,0.02,39.08,0.81,
20200828,28-Aug-2020,0.305,0.695,0,16.92,7.48,1.05,,9.94,7.15,3.66,4.36,12.22,7.9,0.02,39.99,0.84,
20200829,29-Aug-2020,0.385,0.615,0,16.14,7.5,1.05,,9.98,7.15,3.78,4.55,12.46,7.99,0.02,39.26,0.83,
20200830,30-Aug-2020,0.373,0.627,0,15.42,7.5,1.07,,10.06,7.14,3.9,4.45,12.66,7.92,0.02,39.53,0.82,
20200831,31-Aug-2020,0.325,0.675,0,15.45,7.51,1.12,,10.12,7.15,3.83,4.54,12.02,7.93,0.02,38.96,0.79,
20200901,01-Sep-2020,0.378,0.622,0,14.55,7.52,1.15,,10.12,7.14,3.87,4.71,12.1,7.97,0.02,38.96,0.8,
20200902,02-Sep-2020,0.323,0.677,0,15.36,7.52,1.09,,10.18,7.14,3.9,4.69,12.04,7.93,0.02,39.04,0.82,
20200903,03-Sep-2020,0.412,0.588,0,16.14,7.55,1.26,,10.25,7.14,3.82,4.66,12.59,7.93,0.02,38.78,0.84,
20200904,04-Sep-2020,0.477,0.523,0,16.26,7.56,0.99,,10.29,7.13,3.93,4.57,13.39,7.88,0.02,38.83,0.83,
20200905,05-Sep-2020,0.438,0.562,0,16.64,7.57,0.86,,10.32,7.13,3.88,4.52,13.54,7.93,0.02,39.46,0.84,
20200906,06-Sep-2020,0.474,0.526,0,16.88,7.57,0.81,,10.45,7.13,3.79,4.48,13.69,7.9,0.03,39.29,0.79,
20200907,07-Sep-2020,0.332,0.668,0,16.45,7.58,0.8,,10.45,7.13,3.85,4.37,13.21,7.84,0.03,39.16,0.8,
20200908,08-Sep-2020,0,1,0,,,,,10.28,7.14,3.79,4.25,10.47,7.87,0.03,38.98,0.74,
20200909,09-Sep-2020,0,1,0,,,,,10.13,7.13,3.87,4.16,10.26,7.96,0.03,38.84,0.77,
20200910,10-Sep-2020,0,1,0,,,,,10.09,7.13,3.92,4.04,10.25,7.94,0.02,39.27,0.87,
20200911,11-Sep-2020,0,1,0,,,,,10.08,7.13,3.82,4.01,10.21,7.88,0.02,38.65,0.83,
20200912,12-Sep-2020,0,1,0,,,,,10.14,7.13,3.73,3.97,10.24,7.91,0.02,38.69,0.79,
20200913,13-Sep-2020,0,1,0,,,,,10.28,7.13,3.84,3.84,10.33,7.9,0.02,39,0.81,
20200914,14-Sep-2020,0.233,0.767,0,14.93,7.4,0.99,20,10.42,7.13,3.93,3.73,10.69,7.99,0.02,39.55,0.83,
20200915,15-Sep-2020,0.32,0.68,0,14.14,7.66,0.59,,10.53,7.12,3.94,3.56,11.78,7.97,0.02,39.45,0.8,
20200916,16-Sep-2020,0.408,0.592,0,14.65,7.66,0.6,,10.58,7.12,3.93,3.5,12.26,8.01,0.02,38.77,0.8,
20200917,17-Sep-2020,0.475,0.525,0,14.19,7.66,0.52,,10.62,7.11,4.07,3.32,12.73,8.01,0.02,38.15,0.86,
20200918,18-Sep-2020,0.561,0.439,0,14.01,7.69,0.48,,10.69,7.11,4,3.28,12.96,8.01,0.02,38.36,0.85,
20200919,19-Sep-2020,0.624,0.376,0,14,7.7,0.47,,10.76,7.11,4,3.22,13.35,7.97,0.02,38.26,0.87,
20200920,20-Sep-2020,0.578,0.422,0,13.97,7.7,0.51,,10.85,7.11,4.05,3.14,13.12,7.99,0.02,38.71,0.88,
20200921,21-Sep-2020,0.552,0.448,0,14.12,7.69,0.51,,10.96,7.07,4.06,3.1,13.46,7.9,0.02,39.51,0.88,
20200922,22-Sep-2020,0.634,0.366,0,13.98,7.61,0.54,,11.12,7.09,3.97,3.02,13.38,8.04,0.02,39.17,0.84,
20200923,23-Sep-2020,0.546,0.444,0.01,14.49,7.53,0.53,,11.09,7.13,3.91,2.98,13.39,8.06,0.02,38.96,0.85,
20200924,24-Sep-2020,0.563,0.417,0.02,14.62,7.54,0.5,,11.13,7.13,3.97,2.9,13.71,7.91,0.02,38.86,0.85,
20200925,25-Sep-2020,0.495,0.487,0.019,14.7,7.55,0.64,,11.25,7.13,4.03,2.82,13.63,7.86,0.02,38.71,0.85,
20200926,26-Sep-2020,0.411,0.565,0.024,14.01,7.58,0.53,,11.32,7.13,4.09,2.71,13.02,7.93,0.02,38.59,0.82,
20200927,27-Sep-2020,0.564,0.403,0.032,12.6,7.6,0.52,,11.4,7.15,3.9,2.71,12.95,7.93,0.02,39.04,0.8,
20200928,28-Sep-2020,0.351,0.626,0.023,11.26,7.65,0.47,,11.5,7.16,3.87,2.66,12.03,7.94,0.02,38.76,0.87,
20200929,29-Sep-2020,0.525,0.455,0.02,10.7,7.67,0.45,,11.49,7.16,3.94,2.55,11.83,7.98,0.02,38.67,0.85,
20200930,30-Sep-2020,0.453,0.528,0.02,11.53,7.68,0.46,,11.54,7.16,4.07,2.46,12.23,7.91,0.02,38.92,0.85,
20201001,01-Oct-2020,0.679,0.284,0.037,11.15,7.7,0.5,,11.5,7.17,4.1,2.4,12.04,7.88,0.02,38.98,0.81,
20201002,02-Oct-2020,0.924,0.041,0.036,10.68,7.7,0.47,,11.44,7.16,4.29,2.08,12.07,7.97,0.02,38.93,0.81,
20201003,03-Oct-2020,0.965,0.005,0.029,10.75,7.7,0.44,,,,,,11.89,7.9,0.02,39.5,0.86,
20201004,04-Oct-2020,0.966,0.006,0.028,10.79,7.7,0.43,,,,,,12.05,7.92,0.02,39.31,0.9,
20201005,05-Oct-2020,0.929,0.054,0.017,11.23,7.67,0.45,,,7.18,4.44,,12.79,7.87,0.02,39.14,0.89,
20201006,06-Oct-2020,0.823,0.154,0.024,10.73,7.71,0.47,,,7.17,4.5,,11.93,7.86,0.02,38.64,0.85,
20201007,07-Oct-2020,0.961,0.008,0.032,10.69,7.7,0.45,,,6.86,0.26,,11.85,7.93,0.02,38.94,0.82,
20201008,08-Oct-2020,0.96,0.008,0.033,10.59,7.72,0.42,,,,,,11.92,7.94,0.02,39.72,0.87,
20201009,09-Oct-2020,0.963,0.006,0.031,11.15,7.7,0.42,,,,,,12.36,7.81,0.02,38.37,0.9,
20201010,10-Oct-2020,0.967,0.006,0.027,11.26,7.72,0.44,,,,,,12.86,8.09,0.02,38.96,0.87,
20201011,11-Oct-2020,0.961,0.005,0.035,10.74,7.7,0.5,,,,,,12.66,7.9,0.02,39.53,0.83,
20201012,12-Oct-2020,0.949,0.006,0.045,8.35,7.68,0.47,,,,,,11.25,7.94,0.02,39.17,0.87,
20201013,13-Oct-2020,0.985,0.002,0.013,8.92,7.67,0.47,,,,,,10.85,7.95,0.02,39.58,0.89,
20201014,14-Oct-2020,0.972,0,0.028,9.49,7.67,0.86,,,,,,10.43,7.97,0.02,40.01,0.88,
20201015,15-Oct-2020,0.962,0,0.038,9.53,7.66,0.84,,,,,,10.79,8.02,0.02,39.64,0.85,
20201016,16-Oct-2020,0.959,0,0.041,7.46,7.63,0.75,,,,,,9.33,7.94,0.03,40.49,0.76,
20201017,17-Oct-2020,0.969,0,0.031,7.57,7.66,0.77,,,,,,8.28,7.95,0.03,40.5,0.72,
20201018,18-Oct-2020,0.949,0,0.051,8.15,7.61,0.73,,,,,,9.36,8.08,0.02,40.3,0.78,
20201019,19-Oct-2020,0.957,0,0.043,6.52,7.63,0.76,,,,,,7.8,8.01,0.02,39.52,0.86,
20201020,20-Oct-2020,0.975,0,0.025,7.57,7.62,0.84,,,,,,7.93,8.05,0.02,39.03,0.93,
20201021,21-Oct-2020,0.942,0,0.058,7.77,7.61,0.76,,,,,,8.78,7.94,0.02,39.65,0.92,
20201022,22-Oct-2020,0.964,0,0.036,7.45,7.59,0.73,,,,,,8.48,7.9,0.02,39.75,0.89,
20201023,23-Oct-2020,0.967,0,0.033,5.68,7.61,0.9,,,,,,7.4,7.98,0.02,39.61,0.88,
20201024,24-Oct-2020,0.959,0,0.041,3.59,7.64,1.04,,,,,,5.08,8.06,0.02,39.78,0.89,
20201025,25-Oct-2020,0.937,0,0.063,3.22,7.62,1.62,,,,,,4.21,8.13,0.02,40.24,0.88,
20201026,26-Oct-2020,0.962,0,0.038,1.96,7.6,1.52,,,,,,2.71,8.11,0.02,40.15,0.9,
20201027,27-Oct-2020,0.953,0,0.047,1.68,7.66,1.8,,,,,,1.96,7.87,0.03,39.73,0.88,
20201028,28-Oct-2020,0.949,0,0.051,1.36,7.67,1.15,,,,,,1.82,8.03,0.04,38.99,0.86,
20201029,29-Oct-2020,0.932,0,0.068,1.1,7.71,0.8,,,,,,1.96,8.15,0.03,39.44,0.88,
20201030,30-Oct-2020,0.963,0,0.037,1.4,7.7,0.88,,,,,,1.88,8.08,0.03,39.44,0.88,
20201031,31-Oct-2020,0.963,0,0.037,1.14,7.69,0.95,,,,,,1.64,7.94,0.03,39.72,0.89,
20201101,01-Nov-2020,0.959,0,0.041,1.39,7.71,1.77,,,,,,2.15,7.85,0.03,39.57,0.87,
20201102,02-Nov-2020,0.972,0,0.028,2.54,7.7,1.15,,,,,,3.04,7.91,0.03,39.18,0.84,
20201103,03-Nov-2020,0.975,0,0.025,3.47,7.7,0.86,,,,,,3.86,7.98,0.03,38.88,0.81,
20201104,04-Nov-2020,1,0,0,5.15,7.72,0.76,,,,,,5.08,7.98,0.03,38.95,0.78,
20201105,05-Nov-2020,0.82,0.18,0,6.25,7.72,0.87,,9.97,7.94,3.35,8.55,6.87,7.87,0.03,39.08,0.78,
20201106,06-Nov-2020,0.75,0.25,0,5.64,7.75,0.83,,9.89,7.89,3.48,8.5,7.54,7.95,0.03,39.17,0.78,
20201107,07-Nov-2020,0.768,0.232,0,5.81,7.76,0.86,,9.82,7.86,3.78,8.4,7.27,8.06,0.03,39.49,0.76,
20201108,08-Nov-2020,0.771,0.229,0,5.85,7.74,0.8,,9.78,7.84,3.73,8.37,7.64,8.07,0.03,39.78,0.73,
20201109,09-Nov-2020,0.68,0.32,0,4.18,7.75,0.75,,9.78,7.7,3.75,7.95,6.85,7.87,0.03,39.61,0.8,
20201110,10-Nov-2020,0.604,0.396,0,2.43,7.79,0.63,,9.64,7.51,3.29,7.61,6.34,7.89,0.03,39.6,0.84,
20201111,11-Nov-2020,0.655,0.345,0,1.34,7.84,0.64,,9.57,7.63,2.86,8.28,5.14,7.88,0.03,39.64,0.86,
20201112,12-Nov-2020,0.627,0.373,0,1.5,7.85,0.61,,9.45,7.75,2.55,8.57,5.04,7.89,0.03,39.65,0.86,
20201113,13-Nov-2020,0.603,0.397,0,1.17,7.84,0.56,,9.2,7.81,2.55,8.63,5.06,7.95,0.03,38.63,0.85,
20201114,14-Nov-2020,0.64,0.36,0,1.05,7.84,0.66,,8.97,7.84,2.68,8.81,4.49,7.9,0.03,39.08,0.84,
20201115,15-Nov-2020,0.604,0.396,0,1.22,7.84,0.53,,8.76,7.85,2.59,8.94,5.1,7.89,0.03,39.47,0.83,
20201116,16-Nov-2020,0.668,0.332,0,1.25,7.83,0.52,,8.57,7.65,2.63,9.02,4.26,7.95,0.03,39.86,0.86,
20201117,17-Nov-2020,0.638,0.362,0,1.82,7.77,0.5,,8.46,7.53,2.94,9.02,4.89,8.04,0.03,40.22,0.9,
20201118,18-Nov-2020,0.444,0.556,0,2.53,7.75,0.56,,8.38,7.5,2.95,9.02,6.35,7.92,0.03,38.51,0.9,
20201119,19-Nov-2020,0.612,0.388,0,3.94,7.71,0.5,,8.41,7.49,2.65,9.03,6.03,7.99,0.02,38.82,0.85,
20201120,20-Nov-2020,0.622,0.378,0,4.06,7.69,0.51,,8.46,7.5,2.63,9,6.48,8.04,0.02,39.03,0.86,
20201121,21-Nov-2020,0.606,0.394,0,2.83,7.72,0.47,,8.39,7.56,2.37,9.14,5.96,7.95,0.02,39.6,0.87,
20201122,22-Nov-2020,0.6,0.4,0,1.68,7.76,0.44,,8.22,7.56,2.49,9.2,5.21,7.92,0.03,39.76,0.88,
20201123,23-Nov-2020,0.652,0.348,0,0.93,7.82,0.44,,8.07,7.58,2.29,9.3,4.43,7.82,0.03,40.07,0.88,
20201124,24-Nov-2020,0.627,0.373,0,1.06,7.8,0.72,,7.94,7.58,2.38,9.31,4.08,7.89,0.02,39.18,0.87,
20201125,25-Nov-2020,0.533,0.467,0,1.43,7.76,0.56,,7.88,7.58,2.3,9.34,4.99,8.03,0.02,38.76,0.82,
20201126,26-Nov-2020,0.484,0.516,0,1.45,7.76,0.4,,7.82,7.56,2.38,9.31,5.23,7.88,0.03,38.59,0.79,
20201127,27-Nov-2020,0.487,0.513,0,1.55,7.78,0.38,,7.74,7.57,2.16,9.36,5.41,7.97,0.03,39.18,0.78,
20201128,28-Nov-2020,0.572,0.428,0,1.14,7.82,0.37,,7.62,7.56,2.19,9.37,4.83,7.91,0.03,39.87,0.78,
20201129,29-Nov-2020,0.487,0.513,0,1.2,7.81,0.33,,7.51,7.57,2.13,9.42,4.77,7.92,0.03,40.12,0.84,
20201130,30-Nov-2020,0.508,0.492,0,1.07,7.82,0.31,,7.34,7.63,2.07,9.47,4.94,7.97,0.03,39.4,0.87,
20201201,01-Dec-2020,0.541,0.459,0,0.96,7.81,0.31,,7.25,7.68,2.08,9.54,4.49,7.98,0.03,39.19,0.87,
20201202,02-Dec-2020,0.555,0.445,0,0.89,7.82,0.33,,6.98,7.68,1.99,9.67,4.3,7.98,0.03,37.66,0.86,
20201203,03-Dec-2020,0.558,0.442,0,0.86,7.77,0.31,,6.71,7.68,2.09,9.73,4.07,7.91,0.02,37.9,0.87,
20201204,04-Dec-2020,0.543,0.457,0,0.89,7.75,0.34,,6.55,7.66,2.18,9.73,4.08,8,0.02,38.83,0.89,
20201205,05-Dec-2020,0.547,0.453,0,0.89,7.77,0.31,,6.55,7.66,2.14,9.7,4.07,7.95,0.02,40.23,0.88,
20201206,06-Dec-2020,0.557,0.443,0,0.84,7.75,0.32,,6.54,7.63,2.06,9.61,4,8.02,0.02,40.07,0.88,
20201207,07-Dec-2020,0.598,0.402,0,0.76,7.75,0.37,,6.52,7.63,1.81,9.63,3.85,7.94,0.02,40.14,0.89,
20201208,08-Dec-2020,0.567,0.433,0,0.77,7.74,0.36,,6.46,7.62,1.89,9.63,3.83,7.94,0.02,40.25,0.86,
20201209,09-Dec-2020,0.543,0.457,0,0.73,7.73,0.37,,6.38,7.63,1.91,9.67,3.93,8.02,0.02,39.86,0.85,
20201210,10-Dec-2020,0.567,0.433,0,0.74,7.71,0.4,,6.37,7.61,1.86,9.64,3.77,7.96,0.02,39.61,0.85,
20201211,11-Dec-2020,0.547,0.453,0,0.78,7.7,0.42,,6.28,7.59,1.72,9.63,3.84,7.99,0.02,39.6,0.87,
20201212,12-Dec-2020,0.55,0.45,0,0.74,7.69,0.37,,6.09,7.58,1.67,9.61,3.81,7.87,0.02,39.48,0.87,
20201213,13-Dec-2020,0.535,0.465,0,0.75,7.69,0.35,,5.79,7.59,1.66,9.69,3.66,7.83,0.02,39.76,0.88,
20201214,14-Dec-2020,0.497,0.503,0,0.95,7.7,0.32,,5.62,7.58,1.73,9.71,3.92,7.87,0.02,39.77,0.86,
20201215,15-Dec-2020,0.587,0.413,0,0.58,7.74,0.48,,5.51,7.58,1.67,9.73,3.33,7.94,0.02,39.6,0.91,
20201216,16-Dec-2020,0.428,0.572,0,0.7,7.69,0.48,,5.32,7.59,1.74,9.86,3.52,7.99,0.02,39.43,0.92,
20201217,17-Dec-2020,0.373,0.627,0,1.36,7.73,0.35,,5.25,7.58,1.68,9.78,4.93,7.9,0.02,40.69,0.87,
20201218,18-Dec-2020,0.559,0.441,0,0.75,7.76,0.4,,5.15,7.58,1.81,9.82,3.38,7.98,0.02,39.04,0.93,
20201219,19-Dec-2020,0.591,0.409,0,0.63,7.8,0.44,,5.03,7.58,1.81,9.85,3.12,7.98,0.02,40.4,0.93,
20201220,20-Dec-2020,0.585,0.415,0,0.56,7.78,0.44,,4.95,7.58,1.85,9.86,2.93,7.97,0.02,41.05,0.9,
20201221,21-Dec-2020,0.547,0.453,0,0.68,7.78,0.54,,4.93,7.58,1.9,9.82,3.16,8.05,0.02,40.74,0.89,
20201222,22-Dec-2020,0.569,0.431,0,0.77,7.82,0.58,20,4.94,7.58,1.98,9.86,3.54,8.11,0.02,39.92,0.91,
20201223,23-Dec-2020,0.566,0.434,0,0.57,7.71,0.54,,4.75,7.6,2.17,10.03,2.85,8.01,0.02,40.01,0.93,
20201224,24-Dec-2020,0.578,0.422,0,0.57,7.78,0.44,,4.48,7.62,2.31,10.17,2.83,7.86,0.02,39.72,0.89,
20201225,25-Dec-2020,0.489,0.511,0,0.75,7.77,0.41,,4.34,7.63,2.42,10.28,3.03,7.88,0.02,39.86,0.87,
20201226,26-Dec-2020,0.405,0.595,0,1.33,7.87,0.41,20,4.27,7.65,2.43,10.39,4.01,7.92,0.03,40.29,0.83,
20201227,27-Dec-2020,0.615,0.385,0,0.67,7.81,0.5,,4.34,7.63,2.34,10.29,2.82,7.9,0.02,40.04,0.91,
20201228,28-Dec-2020,0.579,0.421,0,0.59,7.85,0.46,,4.21,7.62,2.35,10.32,2.71,7.83,0.02,39.88,0.93,
20201229,29-Dec-2020,0.586,0.414,0,0.55,7.8,0.44,,4.03,7.62,2.55,10.42,2.6,7.96,0.02,39.75,0.93,
20201230,30-Dec-2020,0.61,0.39,0,0.4,7.81,0.48,,3.88,7.61,2.51,10.43,2.31,7.82,0.02,39.96,0.9,
20201231,31-Dec-2020,0.584,0.416,0,0.53,7.85,0.44,,3.86,7.6,2.47,10.47,2.46,7.93,0.02,40.23,0.86,
20210101,01-Jan-2021,0.563,0.437,0,0.55,7.81,0.42,,3.86,7.6,2.41,10.44,2.51,7.95,0.02,40.86,0.87,
20210102,02-Jan-2021,0.481,0.519,0,0.73,7.82,0.41,,3.8,7.6,2.38,10.47,2.84,8,0.02,40.97,0.84,
20210103,03-Jan-2021,0.579,0.421,0,0.57,7.83,0.44,,3.73,7.6,2.44,10.51,2.56,7.95,0.02,41.07,0.93,
20210104,04-Jan-2021,0.655,0.345,0,0.38,7.85,0.54,,3.7,7.6,2.41,10.51,2.06,7.94,0.02,39.8,0.93,
20210105,05-Jan-2021,0.602,0.398,0,0.42,7.83,0.48,,3.68,7.6,2.47,10.55,2.25,7.88,0.02,39.2,0.86,
20210106,06-Jan-2021,0.572,0.428,0,0.49,7.78,0.51,,3.56,7.59,2.45,10.63,2.24,7.89,0.02,37.8,0.81,
20210107,07-Jan-2021,0.577,0.423,0,0.58,7.86,0.48,,4.04,7.57,2.48,10.63,2.37,8.04,0.02,38.1,0.83,
20210108,08-Jan-2021,0.614,0.386,0,0.47,7.91,0.53,,3.89,7.58,2.44,10.58,2.1,7.93,0.02,38.57,0.86,
20210109,09-Jan-2021,0.533,0.467,0,0.57,7.82,0.45,,3.76,7.57,2.47,10.51,2.4,7.88,0.02,39.44,0.83,
20210110,10-Jan-2021,0.604,0.396,0,0.45,7.84,0.49,,3.68,7.58,2.53,10.53,2.27,7.88,0.02,39.55,0.82,
20210111,11-Jan-2021,0.59,0.41,0,0.4,7.8,0.49,,3.73,7.53,2.51,10.39,2.12,7.98,0.02,39.29,0.86,
20210112,12-Jan-2021,0.56,0.44,0,0.49,7.84,0.48,,3.79,7.52,2.52,10.29,2.37,7.96,0.02,39.25,0.82,
20210113,13-Jan-2021,0.413,0.559,0.028,0.55,7.9,0.6,,3.51,7.6,2.48,10.65,2.73,8,0.03,39.34,0.81,
20210114,14-Jan-2021,0.624,0.358,0.018,0.37,7.85,0.64,,3.37,7.62,2.56,10.84,1.93,8.19,0.03,39.58,0.84,
20210115,15-Jan-2021,0.628,0.372,0,0.37,7.89,0.62,,3.06,7.65,2.86,11.06,1.82,7.92,0.03,39.01,0.85,
20210116,16-Jan-2021,0.575,0.425,0,0.44,7.88,0.6,,3.07,7.65,2.99,11.1,1.89,7.96,0.03,38.73,0.83,
20210117,17-Jan-2021,0.584,0.416,0,0.45,7.91,0.58,,3.08,7.65,2.9,11.1,1.94,8.01,0.02,38.73,0.84,
20210118,18-Jan-2021,0.631,0.369,0,0.39,7.9,0.6,,3.03,7.65,3.03,11.19,1.81,7.92,0.03,38.94,0.84,
20210119,19-Jan-2021,0.62,0.38,0,0.36,7.86,0.53,,2.94,7.64,3.06,11.23,1.74,7.93,0.03,38.84,0.87,
20210120,20-Jan-2021,0.702,0.298,0,0.42,7.44,0.67,,3,7.6,2.92,11.15,1.86,8.12,0.03,39.56,0.82,
20210121,21-Jan-2021,0.652,0.348,0,0.36,7.37,0.65,,3.04,7.58,2.68,11.08,1.63,7.96,0.03,40.43,0.79,
20210122,22-Jan-2021,0.639,0.361,0,0.36,7.38,0.59,,3.02,7.57,2.63,11.07,1.64,7.94,0.02,,0.83,
20210123,23-Jan-2021,0.63,0.37,0,0.38,7.38,0.59,,3,7.58,2.63,11.1,1.65,7.99,0.02,,0.86,
20210124,24-Jan-2021,0.628,0.372,0,0.36,7.39,0.6,,3.01,7.56,2.63,11.02,1.68,7.96,0.02,,0.87,
20210125,25-Jan-2021,0.623,0.377,0,0.34,7.5,0.6,,2.96,7.56,2.61,11.06,1.62,7.92,0.02,,0.89,
20210126,26-Jan-2021,0.601,0.399,0,0.34,7.66,0.6,,2.97,7.54,2.58,10.97,1.79,7.94,0.02,,0.87,
20210127,27-Jan-2021,0.611,0.389,0,0.41,7.59,0.61,,2.89,7.55,2.46,11.07,1.77,7.94,0.02,39.46,0.86,
20210128,28-Jan-2021,0.621,0.379,0,0.34,7.63,0.62,,2.93,7.53,2.41,10.94,1.67,7.98,0.02,40.82,0.91,
20210129,29-Jan-2021,0.625,0.375,0,0.34,7.67,0.63,,2.99,7.5,2.4,10.81,1.69,8.01,0.02,39.85,0.9,
20210130,30-Jan-2021,0.639,0.361,0,0.36,7.62,0.66,0,3.04,7.48,2.39,10.77,1.64,7.96,0.02,39.1,0.85,
20210131,31-Jan-2021,0.619,0.381,0,0.38,7.61,0.63,,3.06,7.46,2.48,10.68,1.7,7.94,0.02,38.64,0.84,
20210201,01-Feb-2021,0.629,0.371,0,0.42,7.68,0.65,,3.05,7.47,2.46,10.66,1.63,7.91,0.02,38.69,0.84,
20210202,02-Feb-2021,0.635,0.365,0,0.43,7.7,0.66,,3.05,7.48,2.41,10.7,1.55,7.94,0.02,38.95,0.83,
20210203,03-Feb-2021,0.603,0.397,0,0.49,7.67,0.66,,3.02,7.48,2.54,10.72,1.63,7.9,0.02,38.77,0.81,
20210204,04-Feb-2021,0.589,0.411,0,0.55,7.66,0.63,,2.7,7.6,2.67,11.42,1.59,7.97,0.02,38.49,0.83,
20210205,05-Feb-2021,0.598,0.402,0,0.53,7.69,0.64,,2.75,7.57,2.62,11.29,1.49,7.98,0.02,39.72,0.84,
20210206,06-Feb-2021,0.59,0.41,0,0.52,7.69,0.65,,2.56,7.6,2.68,11.46,1.42,7.92,0.02,39.53,0.85,
20210207,07-Feb-2021,0.581,0.419,0,0.52,7.68,0.62,,2.54,7.61,2.72,11.52,1.44,7.89,0.02,39.64,0.86,
20210208,08-Feb-2021,0.604,0.396,0,0.45,7.67,0.59,,2.52,7.6,2.7,11.22,1.38,7.88,0.02,40.12,0.88,
20210209,09-Feb-2021,0.622,0.378,0,0.37,7.7,0.67,,2.46,7.6,2.71,10.63,1.27,7.92,0.03,40.12,0.89,
20210210,10-Feb-2021,0.616,0.384,0,0.45,7.69,0.67,0,2.43,7.58,2.58,10.62,1.33,7.91,0.03,39.05,0.87,
20210211,11-Feb-2021,0.617,0.383,0,0.36,7.66,0.6,,2.43,7.57,2.48,10.6,1.27,7.93,0.03,38.88,0.87,
20210212,12-Feb-2021,0.637,0.363,0,0.29,7.69,0.58,,2.36,7.57,2.5,10.59,1.22,7.96,0.03,38.66,0.87,
20210213,13-Feb-2021,0.62,0.38,0,0.29,7.66,0.53,,2.34,7.54,2.52,10.5,1.22,7.94,0.03,38.65,0.86,
20210214,14-Feb-2021,0.635,0.365,0,0.22,7.65,0.51,,2.39,7.52,2.53,10.37,1.19,7.89,0.03,39.01,0.84,
20210215,15-Feb-2021,0.619,0.381,0,0.26,7.65,0.49,,2.36,7.52,2.5,10.37,1.23,7.82,0.03,39.21,0.83,
20210216,16-Feb-2021,0.627,0.373,0,0.31,7.63,0.48,,2.29,7.52,2.46,10.38,1.23,7.9,0.03,39.29,0.82,
20210217,17-Feb-2021,0.63,0.37,0,0.33,7.61,0.51,,2.34,7.47,2.67,10.18,1.24,8,0.03,39.34,0.84,
20210218,18-Feb-2021,0.634,0.366,0,0.31,7.58,0.5,,2.32,7.47,2.87,10.18,1.24,7.97,0.03,39.41,0.85,
20210219,19-Feb-2021,0.627,0.373,0,0.34,7.57,0.51,,2.31,7.48,2.8,10.18,1.24,7.95,0.03,39.4,0.87,
20210220,20-Feb-2021,0.579,0.421,0,0.44,7.59,0.52,,2.37,7.45,2.86,10.03,1.39,7.91,0.03,39.48,0.86,
20210221,21-Feb-2021,0.59,0.41,0,0.46,7.6,0.59,,2.41,7.43,2.86,9.95,1.41,7.91,0.03,39.51,0.86,
20210222,22-Feb-2021,0.595,0.405,0,0.42,7.64,0.67,,2.43,7.42,2.89,9.89,1.37,7.9,0.03,39.4,0.86,
20210223,23-Feb-2021,0.614,0.386,0,0.42,7.66,0.75,,2.44,7.41,2.93,9.84,1.43,8,0.03,39.27,0.86,
20210224,24-Feb-2021,0.642,0.358,0,0.41,7.59,0.77,,2.45,7.36,2.91,9.76,1.29,8.03,0.03,38.29,0.88,
20210225,25-Feb-2021,0.625,0.375,0,0.36,7.61,0.66,,2.46,7.38,2.84,9.68,1.28,7.92,0.03,39.92,0.89,
20210226,26-Feb-2021,0.632,0.368,0,0.38,7.63,0.65,,2.5,7.36,2.87,9.59,1.31,7.92,0.03,39.81,0.86,
20210227,27-Feb-2021,0.614,0.386,0,0.41,7.63,0.64,,2.51,7.37,2.82,9.69,1.31,7.93,0.03,39.77,0.86,
20210228,28-Feb-2021,0.542,0.458,0,0.49,7.63,0.59,,2.5,7.36,2.82,9.69,1.52,7.91,0.02,39.76,0.85,
